#####################################################################
# Alchemist log file - simulation started at: 2025-07-01T16:05+0000 #
#####################################################################
#
# update-frequency = 0.0166666667, 5g-probability = 0.1, payload-size = 3, seed = 43.0
#
# The columns have the following meaning: 
# time b1dr[mean] b2dr[mean] b3dr[mean] bcdr[mean] reduction-factor[mean] reduction-factor[median] reduction-factor[StandardDeviation] export-intra-cluster-relay-data-rate-not-leader[mean] export-intra-cluster-relay-data-rate-not-leader[variance] export-intra-cluster-relay-data-rate-not-leader[median] leader-to-relay-data-rate[mean] leader-to-relay-data-rate[variance] leader-to-relay-data-rate[median] n_clusters cluster-size[mean] cluster-size[median] cluster-size[StandardDeviation] clustersComposedOfOneElement export-intra-cluster-relay-data-rate[mean] export-intra-cluster-relay-data-rate[variance] export-intra-cluster-relay-data-rate[median] export-baseline1-data-rate[mean] export-baseline1-data-rate[variance] export-baseline1-data-rate[median] export-baseline2-data-rate[mean] export-baseline2-data-rate[variance] export-baseline2-data-rate[median] export-baseline3-data-rate[mean] export-baseline3-data-rate[variance] export-baseline3-data-rate[median] distanceToLeader[mean] distanceToLeader[variance] distanceToLeader[median] 
0.0 NaN 0.00 0.00 0.00 NaN NaN NaN NaN NaN NaN NaN NaN NaN 1.0 NaN NaN NaN 0.0 NaN NaN NaN NaN NaN NaN NaN NaN NaN NaN NaN NaN NaN NaN NaN
0.0 NaN 0.00 0.00 0.00 NaN NaN NaN NaN NaN NaN NaN NaN NaN 1.0 NaN NaN NaN 0.0 NaN NaN NaN NaN NaN NaN NaN NaN NaN NaN NaN NaN NaN NaN NaN
60.01049677655709 578 637 726 731 0.831 1.00 0.376 391431.2388681777 7.90350347805599E10 347416.6319424136 9.204294734787196 1.9038489148903948 8.793954344395399 107.0 3.877358490566043 1.0 9.696050084528684 70.0 314833.0770966674 8.556867678638467E10 226885.48113231664 591.240875912409 1427630.4076909414 0.0 92702.57633461792 4.204911567158295E10 0.0 140903.8649123691 7.346500892674245E10 0.0 0.021092878865042398 0.0022609774841223186 0.002841260194489072
120.01049677655709 1.55e+03 1.55e+03 881 2.23e+03 0.881 1.00 0.322 481588.29687933065 5.946060165739543E10 532792.4914659908 1525.2726505391765 1.2926317373987839E7 8.808464145185354 59.0 7.086206896551727 1.0 34.4944869649338 35.0 441265.8445919348 7.421505337058089E10 508282.83550589293 1554.7445255474454 2252483.532134576 3000.0 199766.9595998272 7.783019243755505E10 8915.56826271197 175747.86205313908 8.36521995312751E10 0.0 0.02571936321284584 0.0022653547615173832 0.004182648733993264
180.0104967765571 1.55e+03 1.62e+03 1.21e+03 2.60e+03 0.954 1.00 0.210 488405.14558296674 5.31769706442247E10 537162.3518330292 27046.36473293104 1.006197930116061E10 8.840907801813158 49.0 8.5625 1.0 42.412315679252835 38.0 449415.5205743527 6.644888396132867E10 518816.63531429437 1554.7445255474454 2252483.532134576 3000.0 204519.1783483625 7.916936515698547E10 9857.966181083131 180328.6394796847 8.493730145065207E10 0.0 0.028453052561443176 0.0024451596531935775 0.00450927412507799
240.0104967765571 1.55e+03 1.69e+03 1.39e+03 2.54e+03 0.944 1.00 0.229 492590.90709626465 4.929469876315439E10 534568.3768018823 61559.07996551261 2.4343624015895218E10 8.873985521478616 40.0 10.538461538461533 1.0 48.71660591941615 30.0 458370.5414118122 6.211336528087994E10 519251.574289019 1554.7445255474454 2252483.532134576 3000.0 208594.37868736853 8.093554934562608E10 10145.442255304359 183939.49854628314 8.465694449904839E10 1297.4561779303208 0.02579524748769024 0.0017725682244339683 0.005257900716965441
300.0104967765571 1.55e+03 1.69e+03 1.41e+03 2.47e+03 0.927 1.00 0.261 498407.2263657304 4.8388016891592964E10 532792.4914659908 120949.1330565669 5.462601130136706E10 8.916402631827236 41.0 10.275000000000002 1.0 46.68277423479038 26.0 468220.58834264765 5.981012480240779E10 519258.9934365729 1554.7445255474454 2252483.532134576 3000.0 208814.3668722842 8.12534405467008E10 10145.442255304359 186288.36465072102 8.55420605258831E10 1297.4561779303208 0.021182623482845806 0.0010958092540637452 0.00450927412507799
360.0104967765571 1.55e+03 1.69e+03 1.39e+03 2.61e+03 0.925 1.00 0.264 502115.1923210085 4.6953071908902145E10 542621.3164055271 38418.97819455044 1.543280139749515E10 8.888617464724964 36.0 11.742857142857147 1.0 50.54313408724618 25.0 475092.0575029765 5.7792589294537674E10 526525.3707833234 1554.7445255474454 2252483.532134576 3000.0 208677.1948485346 8.122948491826663E10 10145.442255304359 181785.4764166538 8.515996617289084E10 1297.4561779303208 0.021429526599171432 0.0010437693578457508 0.00493129642364485
420.0104967765571 1.55e+03 1.65e+03 1.41e+03 2.57e+03 0.927 1.00 0.260 508520.24917924893 4.738222508767739E10 549667.2258722263 47308.606079320685 2.332484211067396E10 8.88222182252284 35.0 12.08823529411765 1.0 52.46953958889128 25.0 483019.24640005484 5.80849938858011E10 533680.4341339365 1554.7445255474454 2252483.532134576 3000.0 208059.14744944035 8.068271673130566E10 10145.442255304359 183218.46763319985 8.491832640581738E10 1297.4561779303208 0.02239893070576175 0.0010550136129370482 0.005178470971388018
480.0104967765571 1.55e+03 1.62e+03 1.34e+03 2.45e+03 0.927 1.00 0.260 516176.7505783536 4.799253564603788E10 552265.2734015927 121048.99276095131 5.164044232952309E10 8.919618853769762 41.0 10.275000000000002 1.0 46.19967116100085 25.0 483594.2741237766 6.108334284383345E10 531405.2143608783 1554.7445255474454 2252483.532134576 3000.0 207049.50369551854 7.976507374551534E10 10156.726406366095 181124.61463215 8.50618779111759E10 483.2293775708662 0.30182082276991784 32.64935682112869 0.00450328526648851
540.0104967765571 1.55e+03 1.69e+03 1.33e+03 2.41e+03 0.937 1.00 0.243 515554.99060135154 4.732603543412301E10 547718.9222233015 40490.76724832688 2.3067133942985226E10 8.854298691623333 37.0 11.416666666666664 1.0 47.87506061167362 28.0 490365.54943267896 6.002243220665969E10 533326.387964295 1554.7445255474454 2252483.532134576 3000.0 207831.75062538483 7.907767414449948E10 12545.401501474347 181563.9570247426 8.467127757284932E10 483.2293775708662 0.019883208056318546 0.0010610650802315783 0.004422234287231508
600.0104967765571 1.55e+03 1.69e+03 1.34e+03 2.41e+03 0.897 1.00 0.290 521948.43784303433 4.436202799979519E10 552910.9830477386 9582.544897251519 1.2165330430044982E9 8.860241810309759 36.0 11.742857142857147 1.0 48.9671816010436 27.0 492346.9369955499 5.817127177216766E10 541372.6099910056 1554.7445255474454 2252483.532134576 3000.0 207542.32565287236 7.913623596433595E10 11485.649962197906 181513.2880487374 8.373059748654056E10 483.2293775708662 0.019663643267719102 9.691581685873045E-4 0.004422234287231508
660.0104967765571 1.55e+03 1.64e+03 1.34e+03 2.49e+03 0.891 1.00 0.298 524215.53358111915 4.789681255326509E10 556696.6236007566 1103.2940696929304 9605431.968774997 8.839536683766255 35.0 12.08823529411765 1.0 51.16838965437299 25.0 496177.3922476967 6.0571713016926445E10 544574.3957013496 1554.7445255474454 2252483.532134576 3000.0 204930.09452065156 7.891112550913896E10 10156.726406366095 181802.11929986157 8.402962538255977E10 483.2293775708662 0.020167060977971708 9.094686785668005E-4 0.004544400498264684
720.0104967765571 1.55e+03 1.63e+03 1.34e+03 2.49e+03 0.892 1.00 0.297 522977.085940384 4.891697142147554E10 556719.6238159138 1103.2957875104235 9605428.044833492 8.849420730885118 34.0 12.454545454545455 1.0 52.45360504119981 25.0 494978.3350384526 6.1499647389247604E10 546757.6041157217 1554.7445255474454 2252483.532134576 3000.0 208878.60512225647 7.959558563891011E10 10145.442255304359 182378.87445900406 8.409534481123393E10 483.2293775708662 0.02018736964772913 8.025028529267441E-4 0.004771133442525379
780.0104967765571 1.54e+03 1.62e+03 1.43e+03 2.49e+03 0.892 1.00 0.297 530850.1389881048 4.725904390467155E10 560011.1274957637 1312.6759620623006 1.017940221775518E7 8.849345777506397 34.0 12.454545454545453 1.0 52.29548911539295 25.0 502310.6464772347 6.0385585868181526E10 551949.0138232475 1547.4452554744548 2253231.262239645 3000.0 207954.49589473853 7.96455537062772E10 10156.726406366095 185065.15310932213 8.383154292072568E10 1153.2943803825074 0.0204394075663468 8.449590379004545E-4 0.004771133442525379
840.0104967765571 1.54e+03 1.64e+03 1.38e+03 2.62e+03 0.930 1.00 0.255 514585.0656962021 4.811383032610294E10 545677.1425487095 2000.8543531974944 2.3739995631768763E7 8.854885565497353 36.0 11.742857142857147 1.0 51.98492024398144 28.0 483781.70739208814 6.10618652582638E10 525372.4384931497 1547.4452554744548 2253231.262239645 3000.0 208063.00572440462 7.961550451964555E10 10379.649423442566 182592.1763286584 8.357858838292921E10 1153.2943803825074 0.022693750726204068 0.0010562172871490432 0.005168765839042493
900.0104967765571 1.54e+03 1.64e+03 1.25e+03 2.61e+03 0.927 1.00 0.260 509884.3158756545 4.811027216228457E10 534975.3336586964 615.0068433602944 4027392.017041586 8.83395034492902 33.0 12.84375 1.0 55.932626161792534 24.0 482038.89852022874 5.977888665301886E10 525372.4384931497 1547.4452554744548 2253231.262239645 3000.0 207930.40764178254 7.966307174735909E10 10379.649423442566 183551.4969413479 8.423287165547223E10 8.712855217678555 0.027001078449850013 0.0015051456597644048 0.007383404516997305
960.0104967765571 1.54e+03 1.61e+03 1.22e+03 2.58e+03 0.927 1.00 0.260 517045.1827951948 4.926568616203938E10 551615.529521151 3677.1547118425906 1.2167170975414465E8 8.87256709062926 35.0 12.08823529411765 1.0 53.94462236071289 26.0 485419.55658202607 6.2243630315387115E10 531947.7789121068 1547.4452554744548 2253231.262239645 3000.0 205690.61104090288 7.894605318433379E10 10145.527825928237 181962.52742386246 8.434619395694164E10 0.0 0.0259315562384553 0.0013887461758642626 0.006380537423077336
1020.0104967765571 1.54e+03 1.61e+03 1.28e+03 2.58e+03 0.933 1.00 0.251 531452.5570324154 4.837308265143419E10 559143.567512062 3775.767496171431 1.3123299574834457E8 8.875239961107225 36.0 11.742857142857147 1.0 53.00074519850302 26.0 498145.76792253467 6.25607354765536E10 549667.2258722263 1547.4452554744548 2253231.262239645 3000.0 200417.76176414936 7.731973388008484E10 9874.85542096862 182924.74968969682 8.49220205514813E10 483.2293775708662 0.025421834124466094 0.0013531503872906225 0.006230170540259008
1080.0104967765571 1.54e+03 1.63e+03 1.43e+03 2.53e+03 0.928 1.00 0.259 531133.4878565199 5.046300867635789E10 562045.1937231391 8249.34015178424 6.668026886494746E8 8.860241810309759 36.0 11.742857142857147 1.0 51.96171829402131 24.0 500796.5051855823 6.37141505808029E10 552910.9830477386 1547.4452554744548 2253231.262239645 3000.0 208084.10294090502 7.958898291624573E10 10379.649423442566 184023.23180037053 8.46425496424665E10 1153.2943803825074 0.024062381830666026 0.0012413696483007026 0.0052112690863372075
1140.0104967765571 1.54e+03 1.64e+03 1.37e+03 2.50e+03 0.927 1.00 0.260 541914.5429861387 4.978852695974672E10 565383.3008696819 32458.589292824352 5.2447679006421385E9 8.88489237094876 38.0 11.108108108108107 1.0 49.760975218082876 27.0 506160.7250083794 6.549180456449305E10 557382.7834136626 1547.4452554744548 2253231.262239645 3000.0 205376.34118148175 7.85445359218448E10 10933.416480712245 183072.21194776933 8.396966497000386E10 742.4836076479442 0.02432368991594481 0.0012519618609256038 0.006094047034110546
1200.0104967765571 1.54e+03 1.64e+03 1.39e+03 2.59e+03 0.925 1.00 0.263 540792.297629653 5.281793758791759E10 565151.5384359083 5566.354552676218 3.571465883751785E8 8.860241810309759 36.0 11.742857142857147 1.0 51.14071870089136 25.0 510535.94827333814 6.664680046138455E10 558160.2346634312 1547.4452554744548 2253231.262239645 3000.0 204249.12356272904 7.852130560162315E10 10211.873776899727 183963.32616672805 8.384585559964978E10 1153.2943803825074 0.02444915320387065 0.0012667070388684841 0.00630364022059666
1260.0104967765571 1.55e+03 1.62e+03 1.38e+03 2.61e+03 0.926 1.00 0.263 539649.575279593 5.317460802186753E10 564436.0828860842 8986.787778821943 1.152669820906981E9 8.803961141091362 35.0 12.08823529411765 1.0 52.56244058667563 25.0 509353.91312024655 6.682471663208027E10 556369.6680290112 1554.7445255474454 2252483.532134576 3000.0 205147.17254042806 7.922450044719716E10 10145.527825928237 181004.2376510231 8.285468862759007E10 483.2293775708662 0.025030032315742804 0.0012984245381616512 0.006518706622780627
1320.0104967765571 1.55e+03 1.62e+03 1.38e+03 2.61e+03 0.931 1.00 0.254 534618.0210683213 5.314101525102349E10 562477.7676056707 3220.1305548174796 1.2223213830955149E8 8.762816730619333 34.0 12.454545454545453 1.0 53.702357320867975 26.0 505175.01466290624 6.582959761913966E10 552174.2798499016 1554.7445255474454 2252483.532134576 3000.0 204911.67915908917 7.885511056957301E10 10145.527825928237 182582.76272586806 8.317837943428613E10 483.2293775708662 0.028366590877121123 0.0021139963987076025 0.0074650329436511615
1380.0104967765571 1.55e+03 1.60e+03 1.39e+03 2.56e+03 0.931 1.00 0.253 533901.8862418378 5.494431699444623E10 562286.6920741601 77579.14798742083 5.42466090385429E10 8.874676063758773 37.0 11.416666666666664 1.0 51.37835842342289 27.0 501809.54662417364 6.8468916670744E10 552162.4185759794 1554.7445255474454 2252483.532134576 3000.0 204391.87636363276 7.86802656997908E10 9853.191921756594 181690.99922395626 8.316572094866362E10 1153.2943803825074 0.02605000997465021 0.0015970529344677552 0.00630364022059666
1440.0104967765571 1.55e+03 1.61e+03 1.39e+03 2.58e+03 0.927 1.00 0.260 525245.0721171291 5.499636001561165E10 558010.6093597357 13218.987447771737 2.155250401007433E9 8.855726546324824 34.0 12.454545454545455 1.0 55.00346063492898 24.0 497651.3386677907 6.645241527602801E10 547718.9222233015 1554.7445255474454 2252483.532134576 3000.0 202926.07587610738 7.767172931443076E10 9857.966181083131 180667.15143262813 8.285474343658694E10 1153.2943803825074 0.02655609537885509 0.001476410695638657 0.006380537423077336
1500.0104967765571 1.56e+03 1.62e+03 1.39e+03 2.57e+03 0.928 1.00 0.260 525116.7034080231 5.43123133868292E10 556719.6238159138 7951.7759009273905 5.403368500309762E8 8.831437232108131 34.0 12.454545454545455 1.0 55.34442773954919 25.0 496231.3205651196 6.641395109620992E10 547718.9222233015 1562.0437956204362 2251628.9834431196 3000.0 202207.6590896074 7.755072393645341E10 9853.191921756594 181082.09752149173 8.288497743554807E10 1153.2943803825074 0.026773428251521302 0.0014735282318902845 0.006518706622780627
1560.0104967765571 1.55e+03 1.62e+03 1.38e+03 2.60e+03 0.957 1.00 0.204 527014.0689660264 5.385011317254021E10 559860.5729295064 29084.84540034999 8.061599501536498E9 8.808349326475502 35.0 12.08823529411765 1.0 54.00637877423919 25.0 498006.8754227054 6.608454708332493E10 552886.0029520537 1554.7445255474454 2252483.532134576 3000.0 204688.18592084968 7.83388576423308E10 10156.726406366095 181993.97327114618 8.307166935114786E10 1153.2943803825074 0.02651431073399105 0.001473808417400549 0.007383404516997305
1620.0104967765571 1.55e+03 1.64e+03 1.40e+03 2.49e+03 0.955 1.00 0.207 533693.7840547859 5.2745824286127495E10 561004.0087313261 17995.763801052442 1.8816494470667703E9 8.837508886386427 34.0 12.454545454545453 1.0 53.40007660872952 23.0 506456.5451951117 6.416567254255751E10 552935.9631434234 1554.7445255474454 2252483.532134576 3000.0 202894.3702795948 7.741570010331325E10 10156.726406366095 181544.664932879 8.304738731912714E10 1153.2943803825074 0.02818186556647785 0.0018416730624278318 0.006518706622780627
1680.0104967765571 1.54e+03 1.64e+03 1.43e+03 2.52e+03 0.953 1.00 0.212 525558.1857101884 5.353566493429023E10 558472.9292755071 15530.561513697094 1.1200142628389876E9 8.879627071735044 35.0 12.088235294117652 1.0 52.970184665131264 24.0 498011.28684524156 6.465239030104353E10 552326.4583832934 1547.4452554744548 2253231.262239645 3000.0 203362.73995094502 7.767083018216689E10 10211.873776899727 182592.6958044012 8.335912020377998E10 1153.2943803825074 0.026892198832126197 0.001867836585577239 0.006383655495240491
1740.0104967765571 1.54e+03 1.64e+03 1.46e+03 2.51e+03 0.945 1.00 0.228 516619.01139867445 5.465420545193428E10 556696.6236007566 17397.52917139548 3.1319509493700795E9 8.87256709062926 34.0 12.454545454545455 1.0 52.85894609068725 21.0 492235.95457140286 6.3891904557255356E10 546321.3698928358 1547.4452554744548 2253231.262239645 3000.0 205868.25797580037 7.88593041771634E10 10379.649423442566 183011.00862932942 8.365506473522508E10 2048.7394620593927 0.5991551323351548 67.35866570491676 0.006431208472528778
1800.0104967765571 1.54e+03 1.64e+03 1.41e+03 2.52e+03 0.943 1.00 0.230 506113.97536466795 5.008996855759275E10 552606.2306676735 40230.132529238384 2.834446066493376E10 8.860241810309759 36.0 11.742857142857147 1.0 51.018072263453796 23.0 480842.5581791648 5.9818393530217445E10 537739.0755077994 1547.4452554744548 2253231.262239645 3000.0 206290.29694086697 7.91223670068991E10 10379.649423442566 182691.60857264992 8.399365815251851E10 1153.2943803825074 0.8639071165973156 95.42532825324702 0.0062998666695303985
1860.0104967765571 1.55e+03 1.64e+03 1.39e+03 2.59e+03 0.941 1.00 0.235 506053.75777326943 5.289059326193246E10 552326.4583832934 46424.831353109716 1.953694389260189E10 8.900647501387997 39.0 10.815789473684205 1.0 48.37346562307594 25.0 478977.80337319983 6.3306034411429535E10 531758.9348723921 1554.7445255474454 2252483.532134576 3000.0 206723.39353367282 7.938176241341216E10 10379.649423442566 184479.04955381338 8.486876906730988E10 1153.2943803825074 0.6038696940170561 67.69629513693349 0.006094047034110546
1920.0104967765571 1.55e+03 1.64e+03 1.41e+03 2.39e+03 0.945 1.00 0.227 504753.73541079997 5.075219205312318E10 542621.3164055271 18552.249700531553 4.925442755009231E9 8.8896084368205 37.0 11.416666666666664 1.0 48.7971749767779 25.0 477508.4280036233 6.104178325744946E10 523346.1636897917 1554.7445255474454 2252483.532134576 3000.0 207256.48079533354 7.968773271093378E10 11485.649962197906 184466.79431124165 8.48282862945641E10 1153.2943803825074 0.31173665977015513 33.68634928239476 0.005549083060239643
1980.0104967765571 1.55e+03 1.64e+03 1.37e+03 2.60e+03 0.943 1.00 0.232 519067.7376269119 4.882062915682468E10 557759.8706040517 36386.39456013444 2.5851464772944614E10 8.967011464644004 38.0 11.108108108108105 1.0 47.806196590321164 26.0 490763.6845090812 6.026877944384246E10 546321.3698928358 1554.7445255474454 2252483.532134576 3000.0 208086.02597689707 7.98848445016437E10 11729.98643434792 183134.8429848971 8.483632067772632E10 471.9937944350218 0.5940008190064704 67.04958991091263 0.00605504019808887
2040.0104967765571 1.55e+03 1.64e+03 1.41e+03 2.58e+03 0.933 1.00 0.243 525476.1048682894 5.122889073481427E10 558045.9430114112 12530.445894425251 1.555544342683611E9 8.900647501387997 35.0 12.088235294117647 1.0 49.187561649606764 24.0 502144.1981282843 6.163976517735135E10 552606.2306676735 1554.7445255474454 2252483.532134576 3000.0 208421.55293002815 8.009044107025633E10 11485.649962197906 185615.80204132147 8.495425997163249E10 1153.2943803825074 0.30838682640977705 33.60958809964295 0.006386773567403648
2100.0104967765574 1.55e+03 1.62e+03 1.40e+03 2.31e+03 0.924 1.00 0.265 519796.0389836933 5.254778280035526E10 552326.4583832934 135462.27468424803 6.643657938543833E10 8.93476687731437 37.0 11.416666666666666 1.0 47.012688256925415 25.0 494128.38275313925 6.310273216552573E10 534945.7008575022 1554.7445255474454 2252483.532134576 3000.0 207437.28688060088 7.979843180375957E10 10379.649423442566 185372.6909950288 8.491399836281862E10 471.9317140568598 0.5936696740108033 67.22170762172907 0.005940635548141225
2160.0104967765574 1.55e+03 1.63e+03 1.39e+03 2.24e+03 0.936 1.00 0.237 528231.0240322623 5.091512887566151E10 556882.8986179878 56314.833463299736 1.903281997217633E10 8.916402631827236 35.0 12.088235294117643 1.0 46.96379498311103 23.0 502507.6556945814 6.288835196695386E10 550222.4139043476 1554.7445255474454 2252483.532134576 3000.0 204944.785056677 7.873256717087074E10 10211.873776899727 186165.49746180288 8.421079837744028E10 471.9006460250318 0.5862406040257219 66.10439474338413 0.004841004645436454
2220.0104967765574 1.55e+03 1.62e+03 1.21e+03 2.15e+03 0.930 1.00 0.256 507326.74413436896 5.315250442256775E10 541372.6099910056 41765.359957367604 9.259290876823338E9 8.863733681443705 35.0 12.088235294117643 1.0 44.8873118652522 22.0 483717.8964717111 6.2414507151141525E10 525372.4384931497 1554.7445255474454 2252483.532134576 3000.0 208067.79205286974 7.959157138591289E10 10379.649423442566 184862.85333664977 8.352644984328308E10 0.0 0.5897811588120502 67.0725584502434 0.005038573173376102
2280.0104967765574 1.55e+03 1.57e+03 1.28e+03 2.03e+03 0.947 1.00 0.223 488318.96036435454 5.565866219674386E10 524205.40971012216 75923.58737725031 3.0607814377981262E10 8.916402631827236 37.0 11.416666666666671 1.0 41.08831950810352 21.0 463366.25268226763 6.4561862818972435E10 513687.69835082896 1554.7445255474454 2252483.532134576 3000.0 204074.46475436262 7.888538739224872E10 9857.966181083131 185284.35519956934 8.355090466944868E10 0.0 0.30180551127194327 30.89206612486388 0.006255742179686816
2340.0104967765574 1.55e+03 1.62e+03 1.35e+03 2.48e+03 0.913 1.00 0.282 501090.82591146673 5.431894331865041E10 538888.7499866127 2147.7194333767707 7.776744495447725E7 8.799802493382865 31.0 13.700000000000006 1.0 46.0907276186197 19.0 483823.9163357277 6.1174485347185356E10 527781.2319698348 1554.7445255474454 2252483.532134576 3000.0 207022.03504511525 7.950680337566496E10 10156.726406366095 187078.20154920538 8.326467445436775E10 471.80733060858773 0.5923458105664355 63.35742345656506 0.007645011815021897
2400.0104967765574 1.55e+03 1.61e+03 1.39e+03 2.04e+03 0.883 1.00 0.249 505459.71176905377 5.563218831087555E10 551654.7343738769 8340.41524073599 1.1106285202017841E9 8.772428825006383 28.0 15.222222222222216 1.0 48.765004265616966 19.0 487093.6581470258 6.287771558549928E10 539606.9527880349 1554.7445255474454 2252483.532134576 3000.0 205552.30028599812 7.942947890076901E10 9857.966181083131 186120.02123908908 8.36569912827007E10 471.7761883767259 0.3136177728462745 32.62932544127055 0.0074650329436511615
2460.0104967765574 1.55e+03 1.61e+03 1.46e+03 2.66e+03 0.936 1.00 0.245 511352.48155622266 5.22260622239902E10 552326.4583832934 8.888666761835376 0.28382845040116506 8.733278280520594 27.0 15.807692307692301 1.0 51.84362582286793 18.0 493957.66313974705 5.95041545600473E10 544755.8839254931 1554.7445255474454 2252483.532134576 3000.0 205672.88257021506 7.969049756942798E10 9842.471290202242 186765.37555615685 8.392020165428128E10 2201.4767954914387 0.02748675068089098 0.0020172252670996485 0.007949156751834687
2520.0104967765574 1.55e+03 1.60e+03 1.41e+03 2.66e+03 0.936 1.00 0.245 519951.0811736055 5.060532140264696E10 552886.0029520537 8.885368779049047 0.28575269311667595 8.750437813217026 26.0 16.440000000000005 1.0 52.919026194114096 18.0 502499.52684857196 5.819541076443077E10 544755.8839254931 1554.7445255474454 2252483.532134576 3000.0 204723.9734280875 7.908876330228607E10 9853.191921756594 185108.9208356429 8.451717280390466E10 1153.2943803825074 0.025860262572036625 0.0015127450296545865 0.007946031427355737
2580.0104967765574 1.55e+03 1.61e+03 1.42e+03 2.66e+03 0.937 1.00 0.243 527598.2504735674 5.006746186203056E10 555032.9415758562 477.6547063434115 3515964.7137552095 8.78359831749635 27.0 15.807692307692301 1.0 52.83636568180609 19.0 508879.16264220537 5.850570900921058E10 549667.2258722263 1554.7445255474454 2252483.532134576 3000.0 207553.8050376298 7.980118713607036E10 9857.966181083131 186041.60861775567 8.409806003860648E10 1153.2943803825074 0.026017488890687872 0.0015033971568120341 0.007862231424594494
2640.0104967765574 1.55e+03 1.61e+03 1.39e+03 2.66e+03 0.937 1.00 0.243 542027.3134193266 5.134522537561045E10 563312.9567009194 8.885209758839071 0.2718088218488953 8.791965747489833 27.0 15.807692307692301 1.0 52.83636568180609 19.0 522987.3726359834 6.040577682202562E10 558259.4361434592 1554.7445255474454 2252483.532134576 3000.0 206672.5212139029 7.93101981105528E10 9894.214067334273 182756.44276938698 8.349109168588297E10 471.16937440643767 0.026232803448003078 0.0015466895759816304 0.007864265537472997
2700.0104967765574 1.53e+03 1.61e+03 1.43e+03 2.65e+03 0.938 1.00 0.241 545356.653977864 5.215896269107034E10 565420.8934550065 402.06210502095615 2607557.932059437 8.856954062310484 28.0 15.222222222222216 1.0 52.76969798701738 20.0 525197.9881413864 6.213515841301219E10 560832.1341508124 1540.1459854014622 2253872.1737582344 3000.0 205177.26582411374 7.842004003770656E10 10140.430571572642 187385.4304227514 8.314055942365471E10 1153.2943803825074 0.8453376419225181 91.65103832873308 0.007866301151995036
2760.0104967765574 1.54e+03 1.62e+03 1.30e+03 2.65e+03 0.957 1.00 0.203 545035.5803617487 5.3330780797549934E10 563348.6501424464 426.65400733005055 2770428.7816025508 8.858597936310122 28.0 15.222222222222216 1.0 54.048648551618854 20.0 524699.6404094674 6.307740945167341E10 557533.2275034329 1547.4452554744548 2253231.262239645 3000.0 206295.00505930407 7.852858383109238E10 10156.726406366095 187476.9593863541 8.343469959520723E10 301.7646527435436 0.2992194783897235 30.513917251333368 0.0074650329436511615
2820.0104967765574 1.54e+03 1.61e+03 1.50e+03 2.64e+03 0.957 1.00 0.204 541418.9834499155 5.248495977918462E10 555287.9530576055 781.8840856537817 5024528.602905013 8.86828998052745 30.0 14.172413793103448 1.0 52.04878821528706 22.0 518208.38824502344 6.298098296267683E10 543851.8522971662 1547.4452554744548 2253231.262239645 3000.0 205717.5776832109 7.865513831021095E10 9894.27125597213 187030.82920117053 8.34155417585962E10 3742.8354809069074 0.027273547886274018 0.0016847392478510244 0.007383404516997305
2880.0104967765574 1.54e+03 1.61e+03 1.46e+03 2.64e+03 0.957 1.00 0.204 547106.5357220329 5.239350527516605E10 563048.1232036769 4072.2011982282525 2.6108985053932667E8 8.875723397470283 31.0 13.700000000000006 1.0 51.203549176554716 23.0 521980.7319100722 6.367015907341984E10 556322.860525377 1547.4452554744548 2253231.262239645 3000.0 206132.74852124316 7.919315879111024E10 9904.409537087333 187376.38213064204 8.3927110885055E10 2193.3058860936885 0.02736951201520785 0.0017404156960378616 0.006786550309233589
2940.0104967765574 1.54e+03 1.61e+03 1.50e+03 2.64e+03 0.958 1.00 0.201 542014.7731800264 5.381744941374537E10 565420.8934550065 381.76354948911404 2461587.96539975 8.86841271549564 30.0 14.17241379310345 1.0 53.16555609301764 22.0 518279.5693527195 6.436404408090604E10 558259.4361434592 1547.4452554744548 2253231.262239645 3000.0 207199.8559265087 8.082082649657568E10 10140.430571572642 187138.5904817108 8.519585243932971E10 3360.9079126535908 0.02824431257027824 0.0018351951789981691 0.0074650329436511615
3000.0104967765574 1.54e+03 1.61e+03 1.52e+03 2.64e+03 0.957 1.00 0.202 540928.4830289631 5.402727270897612E10 565535.0365225258 1372.7185081703635 1.2694250778546238E7 8.878659352089619 33.0 12.84375 1.0 50.519309227647895 25.0 512994.8669504801 6.620513209046814E10 557533.2275034329 1547.4452554744548 2253231.262239645 3000.0 209575.6272237362 8.266108216475334E10 10140.430571572642 187197.73994621908 8.612244543514062E10 3004.4116318588585 0.0281545997209322 0.0018989749410916682 0.006518706622780627
3060.0104967765574 1.54e+03 1.60e+03 1.41e+03 2.62e+03 0.958 1.00 0.202 544846.598389931 5.07864835301402E10 566153.8159981715 8198.45535585347 1.2493825419664016E9 8.889013499625175 34.0 12.454545454545455 1.0 49.8761534384738 26.0 515259.972385787 6.386708165896112E10 559166.7511025068 1547.4452554744548 2253231.262239645 3000.0 208370.27616406538 8.29051232129827E10 9904.409537087333 184815.34410961147 8.627726399269981E10 471.25248543581773 0.0272884685451642 0.0016923096238154924 0.0065113497888355035
3120.0104967765574 1.55e+03 1.60e+03 1.36e+03 2.58e+03 0.957 1.00 0.203 539135.8760552442 5.583394186980798E10 564850.1781522672 58087.93391130905 2.279111631191341E10 8.907294980897914 36.0 11.742857142857147 1.0 46.86485128232339 26.0 508209.2592830757 6.879696488456403E10 555175.844038349 1554.7445255474454 2252483.532134576 3000.0 208882.3089013974 8.234378693161507E10 10140.430571572642 182971.44177460525 8.590592359161246E10 471.25248543581773 0.027373167901789727 0.0015976128804249946 0.00630364022059666
3180.0104967765574 1.55e+03 1.59e+03 1.33e+03 2.64e+03 0.957 1.00 0.204 549867.9539153437 5.313776612158679E10 566903.3358538576 948.650567452169 9793084.543816596 8.875723397470283 36.0 11.742857142857147 1.0 46.6238659266859 26.0 519522.21933942055 6.625684505732536E10 559998.5623568436 1554.7445255474454 2252483.532134576 3000.0 203840.68726235448 7.973812407332434E10 9857.966181083131 182548.5468317747 8.604270890369707E10 8.712855217678555 0.02837606406414045 0.0016757122821417024 0.006382882153731949
3240.0104967765574 1.55e+03 1.61e+03 1.33e+03 2.63e+03 0.952 1.00 0.213 539794.8792200272 5.387681613068159E10 571604.3268567515 11630.156016008177 2.5420360538723845E9 8.86798260389002 34.0 12.454545454545455 1.0 49.05041469568001 24.0 513049.5391683518 6.51269050700629E10 562818.9831479613 1554.7445255474454 2252483.532134576 3000.0 205147.67148743902 8.034793657640474E10 9888.043176505535 181529.7431627039 8.554481483834653E10 0.0 0.028426994926493584 0.0016672864208476937 0.006498490404869302
3300.0104967765574 1.55e+03 1.61e+03 1.36e+03 2.61e+03 0.937 1.00 0.244 532239.849164709 5.165364460406353E10 563348.6501424464 25572.660393937098 4.34388726769152E9 8.86798260389002 35.0 12.08823529411765 1.0 48.80410293672149 24.0 505576.40122748323 6.255253515833056E10 555484.1477158418 1554.7445255474454 2252483.532134576 3000.0 204025.37097151479 7.944279894807489E10 9853.191921756594 183223.21368420235 8.508754713259203E10 472.382853697579 0.028039083306455808 0.00171819260881394 0.006386773567403648
3360.0104967765574 1.56e+03 1.61e+03 1.33e+03 2.63e+03 0.954 1.00 0.210 522687.1110692864 5.149551557282522E10 556719.6238159138 11735.09955281559 2.2947910533406086E9 8.880436085105067 34.0 12.454545454545455 1.0 49.710468533480764 23.0 498289.5088662248 6.180534830193581E10 551615.529521151 1562.0437956204362 2251628.9834431196 3000.0 205029.9013611922 7.937985780332889E10 9855.714984756045 180689.72411883355 8.437815969898639E10 369.29688340203575 0.02745586852939007 0.0017614280792857988 0.006386773567403648
3420.0104967765574 1.56e+03 1.61e+03 1.38e+03 2.62e+03 0.954 1.00 0.210 532347.5342755241 4.94905949649603E10 561888.9923933723 24103.139430462652 6.279774188579781E9 8.901490756599038 35.0 12.088235294117652 1.0 48.82769187419304 26.0 506810.6836150202 6.025382623183087E10 555508.6789555044 1562.0437956204362 2251628.9834431196 3000.0 202457.1100100101 7.826655117575386E10 9857.966181083131 180663.78233676657 8.348210670806396E10 472.382853697579 0.02681712141606134 0.001739992015885577 0.0063403158294284435
3480.0104967765574 1.56e+03 1.60e+03 1.37e+03 2.61e+03 0.953 1.00 0.212 530359.6531997336 5.104448923587901E10 559860.5729295064 32879.645829728324 1.5752660155311752E10 8.89532844780413 34.0 12.454545454545455 1.0 48.86978291151068 23.0 504882.0778620988 6.218832473458633E10 552326.4583832934 1562.0437956204362 2251628.9834431196 3000.0 204772.54648794662 7.95629352050942E10 9857.966181083131 180811.68279308936 8.410676193377257E10 472.382853697579 0.026649367046020195 0.0017013037210068156 0.006376991438260227
3540.0104967765574 1.56e+03 1.60e+03 1.36e+03 2.53e+03 0.952 1.00 0.213 525532.6841447876 4.9370870048625694E10 558259.4361434592 79092.94841929202 4.24898155993729E10 8.956993229646748 37.0 11.416666666666668 1.0 44.875303421178685 25.0 499520.2225773091 6.1151862504646255E10 551693.9392266029 1562.0437956204362 2251628.9834431196 3000.0 203218.12004343522 7.887180507344807E10 9901.240756947815 178499.14927831097 8.347475052102666E10 472.382853697579 0.02609525488865001 0.0017902093092946622 0.005201619047647375
3600.0104967765574 1.55e+03 1.61e+03 1.37e+03 2.56e+03 0.927 1.00 0.260 528181.5264039065 5.059771031427971E10 559998.5623568436 25188.685658556966 7.090954328705126E9 8.930821350337677 38.0 11.108108108108107 1.0 44.10264780649283 26.0 506684.2099930324 6.1423801734459854E10 555484.1477158418 1554.7445255474454 2252483.532134576 3000.0 202711.83825130237 7.886198543092094E10 9857.966181083131 180803.71922505696 8.367415901638942E10 472.3672661961365 0.56782858236067 60.17607156262976 0.005784485481207372
3660.0104967765574 1.56e+03 1.63e+03 1.38e+03 2.58e+03 0.925 1.00 0.264 528154.1610124109 4.801326219539891E10 556719.6238159138 8789.081886958398 1.2469804493152032E9 8.938995216255464 36.0 11.742857142857146 1.0 45.050522525625986 23.0 503472.01091843966 5.897873688027619E10 547718.9222233015 1562.0437956204362 2251628.9834431196 3000.0 206069.15655461643 7.939370106675253E10 9931.70804147471 180914.57559774988 8.364770847780789E10 472.3672661961365 0.5712932030480279 60.797941002175385 0.005517117112616661
3720.0104967765574 1.56e+03 1.62e+03 1.37e+03 2.58e+03 0.924 1.00 0.265 537377.9302379546 4.789318309004638E10 563688.6900903201 1563.9384462182265 1.2424334714148615E7 8.941559459738606 35.0 12.088235294117649 1.0 45.56205734510584 22.0 514810.703499033 5.809801586404225E10 560136.5517841809 1562.0437956204362 2251628.9834431196 3000.0 206397.71469858097 7.877859543799625E10 9946.976822443357 183585.46251494682 8.369952003729271E10 472.336077270041 0.02732308292312651 0.0019192515960670877 0.005313680639271914
3780.0104967765574 1.56e+03 1.67e+03 1.38e+03 2.58e+03 0.923 1.00 0.267 529781.1201922172 5.079075640925887E10 561281.5291739283 1792.0125519823603 1.5487720776845913E7 8.922236542203853 35.0 12.088235294117649 1.0 44.84138216388071 22.0 506897.2678113326 6.039172083668735E10 551827.9713126443 1562.0437956204362 2251628.9834431196 3000.0 206697.04223497876 7.830049634313876E10 10156.726406366095 181961.19823028956 8.306744814878067E10 472.3048697831468 0.028273078887713406 0.0020177951904079257 0.00534055166919087
3840.0104967765574 1.56e+03 1.70e+03 1.39e+03 2.63e+03 0.949 1.00 0.220 531851.5151273686 5.006070879250124E10 563312.9567009194 11288.547342979458 1.5970411475831804E9 8.916402631827236 35.0 12.088235294117647 1.0 44.49063071067734 23.0 508299.7479055041 5.967697459380019E10 556719.6238159138 1562.0437956204362 2251628.9834431196 3000.0 205337.2046245587 7.77641941587954E10 10156.726406366095 182793.48773123577 8.314681277622577E10 472.2736437396465 0.029638220846890627 0.0020198978276327636 0.00621654463387375
3900.0104967765574 1.56e+03 1.69e+03 1.40e+03 2.63e+03 0.955 1.00 0.207 527810.5823616459 5.437861232869012E10 559860.5729295064 22378.75373700255 4.0821926201592793E9 8.912330307680289 36.0 11.742857142857147 1.0 45.04464638630466 28.0 500622.92181728984 6.499048317633399E10 550622.4555122919 1562.0437956204362 2251628.9834431196 3000.0 207450.07122088873 7.839688971198671E10 11729.98643434792 184503.46156194323 8.33421088300622E10 472.24239914373567 0.030215872153980246 0.0020733212094321786 0.006341098125751793
3960.0104967765574 1.56e+03 1.62e+03 1.45e+03 2.63e+03 0.943 1.00 0.232 532145.4731774039 5.405194883317465E10 562426.5065636757 19140.453536317887 4.60868763077276E9 8.883962581257645 33.0 12.84375 1.0 46.612409655272785 23.0 507341.406304507 6.3881373218989006E10 551827.9713126443 1562.0437956204362 2251628.9834431196 3000.0 208052.10949961786 7.86617169086597E10 10633.644299925785 184432.85338052444 8.326974526740335E10 2123.098961134012 0.02990679897414285 0.002024263688693897 0.006352183424614691
4020.0104967765574 1.56e+03 1.68e+03 1.46e+03 2.64e+03 0.943 1.00 0.232 527902.5264008018 5.41555381449514E10 558578.3363945577 7673.929440917619 8.309728052866229E8 8.856954062310484 32.0 13.258064516129037 1.0 47.69903405166988 22.0 504743.5274186748 6.327260497456667E10 551615.529521151 1562.0437956204362 2251628.9834431196 3000.0 209641.68123739518 7.858455460120966E10 19652.104019888964 184767.00666978097 8.359039914989464E10 2123.098961134012 0.029757857179634535 0.0020136596436160933 0.006386773567403648
4080.0104967765574 1.56e+03 1.69e+03 1.45e+03 2.61e+03 0.944 1.00 0.230 528650.687311438 5.357337885594433E10 556719.6238159138 12876.546752518496 9.75054295066189E8 8.916401051764204 35.0 12.08823529411765 1.0 47.40820006238454 24.0 501650.4076892106 6.425080935398886E10 546846.45377753 1562.0437956204362 2251628.9834431196 3000.0 209833.95353856066 7.904724885256699E10 19652.104019888964 184876.96832142462 8.400124580052377E10 2123.098961134012 0.3007774764908229 30.552262758324897 0.00621654463387375
4140.010496776557 1.56e+03 1.65e+03 1.47e+03 2.60e+03 0.946 1.00 0.227 532987.3970417937 5.147379332931876E10 560136.5517841809 10149.087615305389 8.278759442353156E8 8.917758677777181 35.0 12.088235294117652 1.0 48.83700016043397 25.0 506466.15896143933 6.205668653149636E10 551615.529521151 1562.0437956204362 2251628.9834431196 3000.0 210410.18098576876 7.961259970228502E10 13379.649423442566 187050.32766131556 8.415234162612444E10 2203.213764826398 0.02655522111218419 0.0018182123326033167 0.006176009362833863
4200.010496776557 1.56e+03 1.64e+03 1.44e+03 2.58e+03 0.946 1.00 0.226 537972.560805921 5.097342436237716E10 562818.9831479613 17469.209593980388 2.0628119399272923E9 8.919116658257735 35.0 12.088235294117652 1.0 49.084569967685894 24.0 511540.84236029285 6.169536256006808E10 552935.9631434234 1562.0437956204362 2251628.9834431196 3000.0 211324.50417459197 8.011831163515057E10 12531.406360621046 187970.31027321 8.466032247577756E10 676.3906801817793 0.026159643414076082 0.0017834776053099065 0.00621654463387375
4260.010496776557 1.56e+03 1.64e+03 1.45e+03 2.55e+03 0.946 1.00 0.226 529106.3781535884 4.858361410936668E10 557958.586198722 21931.29812320497 3.5060094318400545E9 8.941246716316192 36.0 11.742857142857147 1.0 49.32982802294279 24.0 500390.50146251434 6.045386616507885E10 551654.7343738769 1562.0437956204362 2251628.9834431196 3000.0 210788.63033581208 7.978505609357936E10 12878.363317933981 187776.37561097654 8.467914557772931E10 472.0545422028009 0.026093762099806093 0.0018397138488438327 0.006074764860569566
4320.010496776557 1.56e+03 1.64e+03 1.36e+03 2.59e+03 0.934 1.00 0.248 538634.8105353088 5.0502130897716965E10 562622.7448558186 8652.92627866053 1.2075692847713685E9 8.884593023817201 35.0 12.08823529411765 1.0 50.66967753039154 22.0 512484.4830109192 6.151151901949139E10 555993.9138025742 1562.0437956204362 2251628.9834431196 3000.0 212794.98371906608 8.115852266372269E10 12531.406360621046 185031.1581572954 8.610268594774803E10 471.9917749936993 0.026047283680534706 0.0018595371080234269 0.00621654463387375
4380.010496776557 1.56e+03 1.63e+03 1.36e+03 2.58e+03 0.952 1.00 0.213 537990.4371912348 4.73748758335733E10 563048.1232036769 12778.745800974144 1.3654593742467546E9 8.89606301464876 36.0 11.742857142857147 1.0 49.81515411831961 25.0 509564.8759421118 5.937417494931295E10 556501.1271813273 1562.0437956204362 2251628.9834431196 3000.0 213392.53394941916 8.144733889089427E10 11729.98643434792 189268.64445481935 8.716582884434167E10 471.9917749936993 0.02585456691264832 0.001830726464812797 0.006221458503373559
4440.010496776557 1.56e+03 1.62e+03 1.36e+03 2.55e+03 0.952 1.00 0.213 549332.3265089993 4.7448154878505264E10 569239.0486318214 33176.5077967733 6.882899116718148E9 8.929848862874206 37.0 11.416666666666664 1.0 47.999032728349206 24.0 519083.05431051087 6.027392345989121E10 562115.100967897 1569.343065693429 2250667.6161652147 3000.0 213092.77331833262 8.16105517570135E10 10211.873776899727 191625.34998145574 8.769370057614958E10 471.9603636151925 0.5823424639430457 63.256622419386055 0.00621654463387375
4500.010496776557 1.58e+03 1.61e+03 1.39e+03 2.56e+03 0.952 1.00 0.215 545820.4433782058 5.113296616610751E10 567215.629233883 68952.23198184777 2.403601799136182E10 8.925911851264459 40.0 10.538461538461533 1.0 45.75843100563181 27.0 513917.9202213074 6.455961748477525E10 560020.194636778 1583.9416058394186 2248424.4258501087 3000.0 207599.13999800527 8.050154611393422E10 9888.043176505535 190889.5394933846 8.642041867699022E10 471.92893372633523 0.026253540369409828 0.0018963956456017265 0.006260092427235206
4560.010496776557 1.58e+03 1.63e+03 1.42e+03 2.55e+03 0.951 1.00 0.215 559074.1131527933 5.187406975787127E10 576261.1221348523 67681.73480041522 2.3092899971793747E10 8.916402631827236 38.0 11.108108108108105 1.0 46.28761760496588 26.0 529050.2371082567 6.504121432164559E10 565385.7395602078 1583.9416058394186 2248424.4258501087 3000.0 211751.56570121404 8.202993774751819E10 10211.873776899727 192613.0479283212 8.532186862074216E10 471.8974853313357 0.027431830177698527 0.0020013387805672325 0.006279499858279926
4620.010496776557 1.58e+03 1.65e+03 1.44e+03 2.61e+03 0.951 1.00 0.216 550725.2639346971 5.280046507052761E10 567527.9226139085 29840.087429770432 8.54813506951575E9 8.856954062310484 35.0 12.088235294117649 1.0 47.526941416714436 24.0 527216.2407083941 6.355211922023707E10 563312.9567009194 1583.9416058394186 2248424.4258501087 3000.0 211658.1829636512 8.163031905516736E10 11485.649962197906 192231.44114433485 8.634476888346576E10 1650.8823263717718 0.5921319842534376 65.39240953565097 0.006527996989058683
4680.010496776557 1.58e+03 1.62e+03 1.49e+03 2.61e+03 0.952 1.00 0.214 543217.8556825387 5.117157026719599E10 565767.5860293052 14901.779609223473 1.7486777309716523E9 8.875723397470283 35.0 12.08823529411765 1.0 47.62312122886655 25.0 515191.59196261055 6.3551897179388245E10 559091.247397796 1583.9416058394186 2248424.4258501087 3000.0 213179.44702472407 8.330760372616692E10 10140.430571572642 194059.55050038616 8.799554924602855E10 3302.8417312788015 0.3079050132681424 32.65007977638413 0.006382277547517807
4740.010496776557 1.59e+03 1.62e+03 1.45e+03 2.63e+03 0.952 1.00 0.213 532400.4161752767 5.043870333432168E10 562426.5065636757 2655.948197760522 6.122218097389877E7 8.856954062310484 34.0 12.454545454545453 1.0 48.8096371817921 24.0 507458.5543640502 6.113847795033016E10 554403.8247645437 1591.2408759124091 2247142.602812899 3000.0 214698.93228459737 8.403102307380879E10 10211.873776899727 194167.23708171636 8.843629571010362E10 2201.1764351623624 0.026376532902347503 0.001962870575463501 0.006386773567403648
4800.010496776557 1.59e+03 1.64e+03 1.49e+03 2.63e+03 0.954 1.00 0.210 519437.7641068449 5.054719389848553E10 554325.9671694619 31651.739287145643 1.8554935309716084E10 8.866338729890384 34.0 12.454545454545453 1.0 50.713712956341325 24.0 493755.2299662856 6.10029780919528E10 544755.8839254931 1591.2408759124091 2247142.602812899 3000.0 213045.72200454478 8.32377976719374E10 11485.649962197906 191802.30572622648 8.704210799978226E10 2213.8311574844583 0.025859860200348056 0.0019326889585744393 0.006518706622780627
4860.010496776557 1.59e+03 1.71e+03 1.44e+03 2.63e+03 0.955 1.00 0.207 514946.63153574645 4.9754549388242805E10 553057.8353763979 9569.097227514014 1.109722036237437E9 8.866338729890384 34.0 12.454545454545455 1.0 52.378484913351414 23.0 491409.39794938586 5.918586422505915E10 546222.3655323831 1591.2408759124091 2247142.602812899 3000.0 213981.8213768256 8.267278792749393E10 10211.873776899727 191132.55221443882 8.812722861745302E10 1650.8823263717718 0.02638719252216669 0.0019893043489590295 0.00630364022059666
4920.010496776557 1.59e+03 1.75e+03 1.47e+03 2.64e+03 0.954 1.00 0.209 524119.59300544544 4.521574624043967E10 558182.2409525544 1161.5433300667191 1.5077685091587877E7 8.852131585208882 34.0 12.454545454545455 1.0 54.087943959982255 24.0 500515.9483035381 5.510068884705099E10 552268.3465130355 1598.5401459854 2245753.961189248 3000.0 211614.74330395355 8.036648285121321E10 11485.649962197906 190846.41317280274 8.615142737896968E10 2201.3058973219377 0.29974980029570875 30.278180832159826 0.00638342924520236
4980.010496776557 1.59e+03 1.76e+03 1.49e+03 2.62e+03 0.955 1.00 0.208 527345.7956632552 4.762042508007395E10 560238.7199775862 38878.33974256024 1.1787335864776745E10 8.875723397470283 36.0 11.742857142857147 1.0 52.52973547662028 25.0 499851.2540018093 5.8670955994763756E10 552631.2107633584 1591.2408759124091 2247142.602812899 3000.0 211120.91334134407 7.981118254519533E10 12531.406360621046 188969.67267540397 8.478577009690416E10 6603.475602490398 0.027430861689666165 0.002192059717611102 0.006183586817217311
5040.010496776557 1.59e+03 1.69e+03 1.55e+03 2.60e+03 0.955 1.00 0.208 525132.9654255742 4.8600222881634674E10 556426.4980025466 46174.46618873387 2.784322573286272E10 8.89606301464876 35.0 12.088235294117652 1.0 53.251471823198415 24.0 496498.17569195555 5.984768862169275E10 547282.6880004157 1591.2408759124091 2247142.602812899 3000.0 211522.9694402719 8.012082597658334E10 10211.873776899727 191073.88716003275 8.483394202411462E10 9369.296883402036 0.02669133265199183 0.0020079802124166593 0.006111583673238202
5100.010496776557 1.58e+03 1.65e+03 1.47e+03 2.60e+03 0.954 1.00 0.209 523012.1344766639 4.8858085783068634E10 558259.4361434592 18383.93329054014 6.123555554606819E9 8.866338729890384 36.0 11.742857142857147 1.0 52.3159759971829 24.0 496698.746853314 5.9191564104459305E10 552174.0891692021 1583.9416058394186 2248424.4258501087 3000.0 210934.82424302603 7.965709805140512E10 13379.649423442566 187632.1613821199 8.431363343854924E10 1650.6476619402483 0.026338571504730707 0.0019440202273143666 0.006114527227983731
5160.010496776557 1.58e+03 1.70e+03 1.44e+03 2.55e+03 0.955 1.00 0.208 529248.5923533209 4.917098813525137E10 560859.5253462852 56969.909114088165 2.75005824309354E10 8.916402631827236 38.0 11.108108108108105 1.0 49.90812881005783 26.0 500513.6171676008 6.0954692677512665E10 552639.9551976314 1583.9416058394186 2248424.4258501087 3000.0 209016.58387729165 7.870677293614566E10 19168.743711981548 185114.06742774454 8.461126252893617E10 471.58198447325856 0.0256201108222592 0.0019007260979237938 0.005373257990501605
5220.010496776557 1.58e+03 1.68e+03 1.41e+03 2.56e+03 0.954 1.00 0.210 520652.65985924425 5.0241460933437935E10 556682.5966366418 34370.24274957515 1.1783746235783712E10 8.89606301464876 38.0 11.108108108108105 1.0 49.21651923659137 24.0 492299.74483653303 6.0977324359813644E10 551072.994485116 1583.9416058394186 2248424.4258501087 3000.0 209126.45011145133 7.965328894877296E10 19168.743711981548 188035.33202189667 8.456987033747223E10 471.5503327896973 0.025138274318741178 0.001872975114163482 0.005462863317864712
5280.010496776557 1.58e+03 1.62e+03 1.42e+03 2.52e+03 0.954 1.00 0.210 534941.019274209 4.6987064247436005E10 561803.6953721183 15110.18589226267 2.6929853337306457E9 8.875723397470283 35.0 12.088235294117652 1.0 50.07289694947409 23.0 509230.45052851766 5.815801781979936E10 556777.9654077771 1583.9416058394186 2248424.4258501087 3000.0 209446.59141757854 8.024088358456995E10 11729.98643434792 186407.86381581827 8.397538793707227E10 471.5413411533378 0.02383219596683126 0.001724979703321879 0.005174663985628984
5340.010496776557 1.58e+03 1.62e+03 1.37e+03 2.50e+03 0.953 1.00 0.210 525672.6599083297 4.7395948396048775E10 557020.5119954547 19858.42317631325 2.840864466039889E9 8.916402631827236 37.0 11.416666666666664 1.0 47.86013849899363 25.0 498178.4544707449 5.904123745425477E10 549170.6888677967 1583.9416058394186 2248424.4258501087 3000.0 209978.5484176869 8.122842758101128E10 11485.649962197906 190415.50647221037 8.46255408951164E10 471.5413411533378 0.023523558966512505 0.0017699269151894093 0.00486040990704418
5400.010496776557 1.58e+03 1.62e+03 1.18e+03 2.50e+03 0.953 1.00 0.211 523448.49709319946 4.797831122330622E10 548028.9170832732 26732.207900460133 4.524762134280752E9 8.89606301464876 37.0 11.416666666666664 1.0 48.017481935526014 24.0 495706.9707700612 5.85905799401664E10 541223.8353506809 1583.9416058394186 2248424.4258501087 3000.0 208104.90330612604 8.087495471344167E10 10156.726406366095 185527.29064608415 8.555940511946584E10 0.0 0.023924694554525856 0.001782888758041215 0.005021588201853246
5460.010496776557 1.59e+03 1.61e+03 1.39e+03 2.60e+03 0.952 1.00 0.214 525335.8176050594 4.911405139517863E10 552174.0891692021 16015.304547705628 2.4182031555596952E9 8.886534371847766 36.0 11.742857142857147 1.0 48.55278683292751 22.0 500898.9407445871 5.932116234442688E10 544445.3586654764 1591.2408759124091 2247142.602812899 3000.0 207420.0820202771 8.066560231337537E10 10140.430571572642 189835.59544662444 8.593964910221788E10 472.13060468387397 0.027556707175913228 0.0020795911647921326 0.00573810178301614
5520.010496776557 1.59e+03 1.62e+03 1.38e+03 2.51e+03 0.952 1.00 0.213 533733.3743017631 5.031692385966012E10 561803.6953721183 18855.44294207363 3.893208410886006E9 8.916402631827236 37.0 11.416666666666664 1.0 46.89890342915427 24.0 506333.2615919855 6.133777046021819E10 553070.5121869794 1591.2408759124091 2247142.602812899 3000.0 209508.9357239614 8.193565518837512E10 11251.732869512069 192671.6187908132 8.722161525678754E10 472.4254102551578 0.30055271226760016 30.54828553423644 0.005311970782593583
5580.010496776557 1.59e+03 1.63e+03 1.28e+03 2.25e+03 0.954 1.00 0.210 523106.7135055837 5.492282523998825E10 543715.4818428443 50116.4057106487 1.6565164249362383E10 8.916402631827236 39.0 10.815789473684205 1.0 43.60501785107208 25.0 495616.3017085767 6.536977818229836E10 525698.800649741 1591.2408759124091 2247142.602812899 3000.0 210573.2997338278 8.193040011907547E10 10211.873776899727 190018.43033577714 8.654192099720842E10 208.82351465098432 0.02534114720068713 0.0019346748394700932 0.005203121239383053
5640.010496776557 1.59e+03 1.64e+03 1.32e+03 2.66e+03 0.950 1.00 0.218 502420.3281674412 5.585338841568519E10 515579.91089741874 3630.877744890897 1.2738640573045939E8 8.89606301464876 38.0 11.108108108108109 1.0 44.07303520785057 28.0 478038.4686708004 6.517234679950822E10 503566.3102303487 1591.2408759124091 2247142.602812899 3000.0 210532.9312298536 8.185137897289249E10 10211.873776899727 188582.2345826354 8.508074283475943E10 8.712855217678555 0.025451794099971926 0.001964882370733925 0.0063685523101282985
5700.010496776557 1.58e+03 1.61e+03 1.24e+03 2.64e+03 0.954 1.00 0.210 507975.9393729093 5.0593284575591545E10 519696.0839420834 58746.421512437235 4.247846548258878E10 8.916402631827236 36.0 11.742857142857147 1.0 49.54697287431802 25.0 484644.59670510836 6.016508131729107E10 508467.72125061054 1583.9416058394186 2248424.4258501087 3000.0 208437.0108289893 8.170809140809906E10 9888.734711957262 189418.88225582344 8.648202391778116E10 0.0 0.29751880191134666 30.89333431613913 0.006161058994088874
5760.010496776557 1.57e+03 1.61e+03 1.09e+03 2.60e+03 0.954 1.00 0.209 509449.4498249079 5.0447371749658714E10 525399.5043779819 947.1868183009167 9795921.818901451 8.875723397470283 35.0 12.088235294117652 1.0 50.93868426223038 24.0 486003.39687999 6.010334018019456E10 516895.8706599347 1576.6423357664253 2249599.4303008723 3000.0 208260.39665440423 8.151185428475874E10 10156.726406366095 186816.09173691217 8.735913022128845E10 0.0 0.8432398342145537 92.89743674883455 0.00528968840316495
5820.010496776557 1.57e+03 1.63e+03 1.12e+03 2.64e+03 0.954 1.00 0.209 519128.15978690377 4.844420307482653E10 533538.0559874185 34914.34930303085 9.695392215489393E9 8.949742361669315 35.0 12.08823529411765 1.0 50.1478829107252 24.0 492825.6618543834 5.919342538194838E10 518647.1489494216 1576.6423357664253 2249599.4303008723 3000.0 210571.13174071783 8.258819849332565E10 11453.113664283906 185831.77251544123 8.794202456413266E10 0.0 0.5762887033877606 63.952884459173426 0.005271988464978517
5880.010496776557 1.57e+03 1.63e+03 1.14e+03 2.60e+03 0.946 1.00 0.227 519669.72781139804 5.1099392047319565E10 546846.45377753 33986.022497925704 1.6283007695195305E10 8.916402631827236 36.0 11.742857142857147 1.0 48.076741874254544 23.0 493681.77846452995 6.135997532241617E10 532763.8495333913 1576.6423357664253 2249599.4303008723 3000.0 210028.50122628448 8.251365966657367E10 10211.873776899727 183168.84941547815 8.646994772061537E10 0.0 0.5751331366787225 63.6455646785845 0.005245478444767211
5940.010496776557 1.56e+03 1.64e+03 1.16e+03 2.65e+03 0.949 1.00 0.219 532851.6259984995 5.448394500650528E10 557254.3781700055 19027.125888909155 5.90312246713716E9 8.916402631827236 36.0 11.742857142857147 1.0 47.463510973689914 25.0 505941.44601055176 6.491935815196573E10 547282.6880004157 1569.3430656934295 2250667.616165215 3000.0 209373.2728083617 8.21770971316019E10 9945.165029757587 185433.93962035794 8.753974038343153E10 0.0 0.02013646611398702 8.795056600809187E-4 0.005698337934320505
6000.010496776557 1.56e+03 1.61e+03 1.36e+03 2.66e+03 0.950 1.00 0.218 527788.3755153352 5.353331068622225E10 558045.9430114112 929.6171347280638 5428164.266164683 8.875723397470283 33.0 12.84375 1.0 49.77051165745799 22.0 503517.0067901819 6.2811985927627014E10 552174.0891692021 1569.3430656934295 2250667.616165215 3000.0 208756.35899192095 8.17333897395577E10 9945.132970905464 184216.58871953347 8.451895249713554E10 8.712855217678555 0.02088441605739487 9.622718660999097E-4 0.00630364022059666
6060.010496776557 1.56e+03 1.59e+03 1.52e+03 2.65e+03 0.951 1.00 0.216 527718.4567042923 5.358382168641184E10 560417.3401200093 8924.509706425615 1.448339768834724E9 8.88307217039759 34.0 12.454545454545453 1.0 50.36993827490939 23.0 503499.7194528536 6.260930735747419E10 551278.1298072976 1569.3430656934295 2250667.616165215 3000.0 207965.12641900312 8.107599219530899E10 9888.734711957262 187440.41979902564 8.475362095858076E10 4803.525826861045 0.019399763588461752 6.823426304926487E-4 0.006264897532113449
6120.010496776557 1.56e+03 1.57e+03 1.29e+03 2.65e+03 0.952 1.00 0.214 519818.41135616245 5.023926210120754E10 545796.2860081418 8941.84375873246 1.4482310596300416E9 8.916402631827236 33.0 12.84375 1.0 52.00875197750917 22.0 495447.8466774307 5.947648923989539E10 531494.9059919412 1562.0437956204362 2251628.983443119 3000.0 204947.58377841438 7.989554854190852E10 9829.982654894573 184287.70157231693 8.455462290701411E10 0.0 0.019403272721667832 6.679674355561943E-4 0.00630364022059666
6180.010496776557 1.55e+03 1.57e+03 1.16e+03 2.64e+03 0.951 1.00 0.215 524046.8701256614 5.047942132867209E10 553737.4610160284 11411.949853138936 2.428282491111952E9 8.916402631827236 34.0 12.454545454545453 1.0 50.56437166442575 23.0 499185.5742795438 5.997137893170654E10 543931.094674787 1554.7445255474454 2252483.5321345762 3000.0 206967.14655670722 8.090710579883752E10 9857.966181083131 182225.79773255563 8.476695366788869E10 0.0 0.020013830604845677 7.520613021956749E-4 0.0061605870454326086
6240.010496776557 1.55e+03 1.57e+03 1.16e+03 2.63e+03 0.954 1.00 0.210 517416.2106193302 5.1085189232902145E10 545796.2860081418 81726.63437056089 6.71336522662324E10 8.916402631827236 34.0 12.454545454545455 1.0 49.8849243942314 21.0 494915.13509652275 6.003362742036928E10 529457.9788663515 1554.7445255474454 2252483.5321345762 3000.0 202790.7462576351 7.909880748438774E10 9829.982654894573 177961.16510556138 8.455782932046991E10 0.0 0.020772729789386206 8.541763635172226E-4 0.006187443721933456
6300.010496776557 1.55e+03 1.57e+03 1.24e+03 2.61e+03 0.959 1.00 0.197 522984.13403529575 5.177425448768513E10 551615.529521151 29901.0803534772 6.929263564310246E9 8.916402631827236 35.0 12.08823529411765 1.0 49.43644076568741 23.0 496949.88865817955 6.181224285995892E10 541372.6099910056 1554.7445255474454 2252483.5321345762 3000.0 204743.55158498255 8.007301800157129E10 9842.471290202242 180308.27836786702 8.44549404965983E10 0.0 0.01987509956263469 7.710859466058934E-4 0.0059104468531831975
6360.010496776557 1.55e+03 1.58e+03 1.09e+03 2.61e+03 0.959 1.00 0.199 525929.8834484963 4.996399005896981E10 562114.7494990915 38100.80327746937 2.0547300430012413E10 8.916402631827236 37.0 11.416666666666666 1.0 47.56852200472788 24.0 498676.06818261946 6.083199536431559E10 551970.9939522222 1554.7445255474454 2252483.5321345762 3000.0 206878.88558822623 8.086619051735329E10 9878.363317933981 180432.096961842 8.52722976048634E10 0.0 0.01966340273442439 7.413904556430172E-4 0.00630364022059666
6420.010496776557 1.55e+03 1.58e+03 1.16e+03 2.58e+03 0.959 1.00 0.198 529095.3034731324 5.159830888152657E10 552326.4583832934 44465.55780439252 2.139155012549979E10 8.916402631827236 35.0 12.08823529411765 1.0 47.87823421914133 23.0 503177.850669296 6.173177453588944E10 541372.6099910056 1554.7445255474454 2252483.5321345762 3000.0 206530.6072960505 8.060665570635805E10 9888.734711957262 179703.96105157014 8.500973784553746E10 0.0 0.01977647866792156 7.872547427141292E-4 0.006282723499523669
6480.010496776557 1.55e+03 1.57e+03 1.23e+03 2.67e+03 0.959 1.00 0.198 529467.1074408301 5.02253272859638E10 559512.8102080422 9665.925888162128 1.369338996684586E9 8.886678347068859 35.0 12.088235294117652 1.0 49.21096677913262 27.0 503221.3747491842 6.079691822291613E10 551938.3100093186 1554.7445255474454 2252483.5321345762 3000.0 204773.83044819193 8.012197984926549E10 9878.363317933981 177570.7782821215 8.428921490690143E10 0.0 0.021163293700630605 8.223977459190667E-4 0.0069929835664182104
6540.010496776557 1.55e+03 1.60e+03 1.34e+03 2.67e+03 0.960 1.00 0.196 531759.6927409603 5.101995106872192E10 564055.2555130925 1427.9218608556757 1.2713944584364438E7 8.856954062310484 31.0 13.700000000000006 1.0 53.697845587040554 22.0 506794.03711543226 6.1305593713988205E10 556390.677093111 1554.7445255474454 2252483.5321345762 3000.0 204731.52306062108 8.017160910161107E10 9911.497513804643 179947.93392546652 8.531738986225797E10 113.72541147191578 0.5620150890474567 59.99723434005907 0.0074650329436511615
6600.010496776557 1.54e+03 1.60e+03 1.39e+03 2.67e+03 0.960 1.00 0.196 522038.5932594573 5.067167987782145E10 558045.9430114112 1427.9123522609443 1.2713973069711681E7 8.84730910810728 31.0 13.700000000000006 1.0 54.56167026465522 22.0 497686.97943009384 6.065033977992258E10 549170.6888677967 1547.4452554744546 2253231.262239645 3000.0 207074.88881391275 8.187633925355176E10 10182.043488479543 180604.84703870342 8.586881614673393E10 519.429628170953 0.5650881921210288 60.67057640286183 0.0074650329436511615
6660.010496776557 1.54e+03 1.60e+03 1.38e+03 2.66e+03 0.960 1.00 0.196 532659.653872227 5.328631537087671E10 565235.4893971863 48664.51327062725 2.9939515568905495E10 8.933072496748276 34.0 12.454545454545455 1.0 52.20817160003002 24.0 503773.36813557125 6.5127763848601456E10 555767.566758828 1547.4452554744546 2253231.262239645 3000.0 207355.28821308629 8.229590469884248E10 10179.4127927369 181360.65396402276 8.628546190551622E10 519.429628170953 0.020970229630549567 8.055997256025326E-4 0.0071482515131273214
6720.010496776557 1.54e+03 1.60e+03 1.31e+03 2.66e+03 0.960 1.00 0.197 524553.8248713469 5.205447453164241E10 558719.6069241378 18214.52103336869 2.8660097860306087E9 8.89606301464876 36.0 11.742857142857147 1.0 52.16001559519283 27.0 494121.0769865494 6.407320940398854E10 546321.3698928358 1547.4452554744546 2253231.262239645 3000.0 207383.796040195 8.225009196366103E10 10179.4127927369 178601.68129515983 8.613659351147264E10 8.712855217678555 0.022621148824792388 9.070597533068532E-4 0.006527996989058683
6780.010496776557 1.54e+03 1.61e+03 1.32e+03 2.65e+03 0.954 1.00 0.210 523402.05547282146 5.166309175031911E10 558045.9430114112 13572.66239420147 1.6002589335722504E9 8.916402631827236 36.0 11.742857142857147 1.0 51.83590786836686 25.0 492779.072529857 6.3445696256845436E10 546511.2622226006 1547.4452554744546 2253231.262239645 3000.0 206486.27879163955 8.15233615546342E10 10179.4127927369 180272.7653565023 8.606662504747972E10 0.0 0.29548942626645214 30.359964311609236 0.007383404516997305
6840.010496776557 1.54e+03 1.61e+03 1.33e+03 2.63e+03 0.953 1.00 0.212 522228.98976486153 4.934885899742733E10 559890.3313177761 28956.188262756415 3.4852544777889705E9 8.949742361669315 39.0 10.815789473684205 1.0 49.12084121075059 28.0 488991.7966185534 6.206316929692537E10 544755.8839254931 1547.4452554744546 2253231.262239645 3000.0 203398.06680402253 7.980766807271411E10 10156.726406366095 180417.6503612608 8.457862295943404E10 0.0 0.29619177695136545 30.435324072069633 0.006423595275520706
6900.010496776557 1.54e+03 1.61e+03 1.30e+03 2.49e+03 0.955 1.00 0.207 529150.4091083031 4.964526106697671E10 560755.0936419457 21817.627056214646 3.235057825047023E9 8.916402631827236 35.0 12.088235294117652 1.0 50.68761587263743 22.0 497822.80696795724 6.198692574325333E10 549170.6888677967 1547.4452554744546 2253231.262239645 3000.0 204622.89262879724 8.017123984959099E10 10156.726406366095 178090.48321280273 8.434265166437486E10 0.0 0.024676728772331694 0.0012169535614759538 0.006455140041307232
6960.010496776557 1.54e+03 1.60e+03 1.34e+03 2.15e+03 0.952 1.00 0.213 514599.0647044165 5.283546536061992E10 557020.5119954547 48004.665558375775 1.2715023489117155E10 8.904630381241061 37.0 11.416666666666666 1.0 46.26345364169366 23.0 486436.79979087005 6.271515603218625E10 546321.3698928358 1547.4452554744546 2253231.262239645 3000.0 203553.57366161747 7.983889874857144E10 9945.08908390672 176199.6627286865 8.289882609576039E10 0.0 0.024960346408004094 0.0014099491697884502 0.00630364022059666
7020.010496776557 1.54e+03 1.60e+03 1.43e+03 2.48e+03 0.949 1.00 0.220 510320.27803733456 5.487850648224709E10 553249.1329184443 57520.82554456468 4.749143096814449E10 8.875723397470283 37.0 11.41666666666667 1.0 44.02231576955354 23.0 483547.1516925383 6.459331605130133E10 541372.6099910056 1547.4452554744546 2253231.262239645 3000.0 201089.03895388986 7.90337440410983E10 9888.734711957262 178270.21721742765 8.323680860646501E10 0.0 0.02224653790619598 0.0013188116553600974 0.005698337934320505
7080.010496776557 1.54e+03 1.61e+03 1.42e+03 2.67e+03 0.949 1.00 0.220 505474.5685204021 5.128101302633721E10 546321.3698928358 10396.875754705847 9.025406134103562E8 8.866338729890384 33.0 12.84375 1.0 46.505018372977425 22.0 480000.63971751963 6.057498790502019E10 525295.6040003251 1547.4452554744546 2253231.262239645 3000.0 202270.8848394259 8.005464315080371E10 9829.982654894573 182051.06774662138 8.342203364303358E10 1798.2836571672751 0.022186492746077736 0.00116654597991058 0.006636189952239073
7140.010496776557 1.53e+03 1.59e+03 1.41e+03 2.39e+03 0.954 1.00 0.210 497459.6811045398 5.026037424343943E10 536073.9906244812 26377.04894828744 6.220097087438699E9 8.875723397470283 33.0 12.84375 1.0 46.51126077663621 22.0 471757.70437454956 5.927376712414132E10 522550.6798175707 1540.1459854014613 2253872.173758235 3000.0 199444.46319227747 7.887705223617792E10 9829.982654894573 184440.8855801701 8.319242895107101E10 0.0 0.02060938423892717 9.90676921895957E-4 0.006555996534045583
7200.010496776557 1.53e+03 1.62e+03 1.42e+03 2.38e+03 0.951 1.00 0.216 495127.81267321884 5.226892247953921E10 537941.5377658828 16250.03878493738 1.576863011455043E9 8.875723397470283 34.0 12.454545454545453 1.0 45.45539771928282 23.0 469045.8496983107 6.142694951675778E10 524685.2106329551 1540.1459854014613 2253872.173758235 3000.0 200940.49062933782 7.911656475911162E10 9842.471290202242 184241.3441858916 8.202634844396329E10 2335.2364687595955 0.021089838030723312 9.232517197070747E-4 0.0067542148417128476
7260.010496776557 1.53e+03 1.63e+03 1.47e+03 2.35e+03 0.954 1.00 0.209 498777.6109777866 5.3337550879601776E10 550845.0504798109 31208.058704178762 5.621624544462004E9 8.89606301464876 34.0 12.454545454545453 1.0 45.26594395147617 22.0 472277.96291078563 6.2356304120623535E10 531245.1896933404 1540.1459854014613 2253872.173758235 3000.0 200459.83925993045 7.777251797718472E10 9888.734711957262 179906.07165070585 8.068159517075912E10 571.8378669178577 0.2963697881572809 30.80287281983555 0.006950979772363558
7320.010496776557 1.53e+03 1.61e+03 1.44e+03 2.65e+03 0.949 1.00 0.220 498953.6590569974 5.321618810236611E10 546321.3698928358 12881.5280549918 1.6310848718867338E9 8.866338729890384 32.0 13.258064516129037 1.0 47.313823027339104 21.0 474129.34908967774 6.18634046954219E10 532108.7355535253 1540.1459854014613 2253872.173758235 3000.0 200864.61984492908 7.763106467904669E10 9911.482925278842 179084.95631992872 8.030681321083026E10 1230.7435703950796 0.8429787386789941 91.45877827432874 0.0074650329436511615
7380.010496776557 1.53e+03 1.58e+03 1.37e+03 2.14e+03 0.905 1.00 0.222 504021.1754073468 5.155411083984544E10 546846.45377753 45769.750241817186 1.4412256440737661E10 8.979872056233244 36.0 11.742857142857147 1.0 44.95772056783422 26.0 473384.163858485 6.213428877079457E10 525295.6040003251 1540.1459854014613 2253872.173758235 3000.0 197233.773670058 7.729197800944276E10 9829.982654894573 173158.96589519188 8.063542214854195E10 571.8378669178577 0.29724824476501704 30.703778726695738 0.006527996989058683
7440.010496776557 1.53e+03 1.59e+03 1.34e+03 2.56e+03 0.949 1.00 0.220 507264.4965914297 5.100826059691857E10 549314.6007739631 51654.559679656486 1.749191905331873E10 8.94813734403024 36.0 11.742857142857147 1.0 44.05500763226571 24.0 477940.2306318599 6.186452252044896E10 531375.3471214436 1532.8467153284657 2254406.266690401 3000.0 199210.65400208862 7.767571781812381E10 9945.08908390672 173846.55836023614 8.105142621119116E10 519.4821291560592 0.02487294976405729 0.0014065735661831587 0.0074650329436511615
7500.010496776557 1.52e+03 1.61e+03 1.36e+03 2.52e+03 0.950 1.00 0.218 506169.3188426844 5.18590827415195E10 549170.6888677967 38993.35151615963 1.5884993424427113E10 8.89606301464876 33.0 12.84375 1.0 45.10783450655737 21.0 481573.1193048302 6.1541631264886246E10 536445.2018983094 1525.5474452554727 2254833.541036125 3000.0 196786.6300840451 7.683279712821521E10 10156.726406366095 171577.34700544874 8.10570631921442E10 519.4821291560592 0.022638090268133803 0.0012453716841560657 0.007521288814989714
7560.010496776557 1.52e+03 1.58e+03 1.35e+03 2.58e+03 0.949 1.00 0.221 506066.29607284896 5.019297519978296E10 552339.3228033445 19745.44286803002 3.562180227403407E9 8.856954062310484 32.0 13.258064516129037 1.0 46.4255445072613 21.0 483182.027962522 5.90930482826872E10 543822.5629522061 1525.5474452554727 2254833.541036125 3000.0 197979.19653205553 7.846898517113132E10 9842.471290202242 171054.52003227474 8.124392689798654E10 519.7503190706441 0.021781428408558567 0.0013823892394191635 0.007383404516997305
7620.010496776557 1.52e+03 1.59e+03 1.44e+03 2.57e+03 0.947 1.00 0.225 494568.2124853156 5.0304882857848854E10 546238.2147808513 919.6622547651358 1.4927578382601462E7 8.852131585208882 31.0 13.700000000000006 1.0 47.953389725929654 21.0 472098.41460053984 5.888228961105004E10 533355.4481734855 1525.5474452554727 2254833.541036125 3000.0 198757.12831811782 7.841757833559079E10 9881.143712768839 173401.7253332589 8.121118574135977E10 2048.7394620593927 0.02144168820693436 0.0015471368823814968 0.006518706622780627
7680.010496776557 1.52e+03 1.64e+03 1.45e+03 2.55e+03 0.947 1.00 0.225 498737.8051208385 4.8710275770999825E10 547718.9222233015 3704.0247451153564 1.354364502590121E8 8.866338729890384 33.0 12.84375 1.0 46.147106556623754 23.0 473619.4636369625 5.816048838202972E10 531034.7598603463 1525.5474452554727 2254833.541036125 3000.0 198737.0321483886 7.80466428504538E10 11729.98643434792 173404.3062596046 8.119002848899849E10 2425.8167594838087 0.564196492680816 61.096371878003495 0.006362584277636986
7740.010496776557 1.52e+03 1.62e+03 1.45e+03 2.25e+03 0.952 1.00 0.213 492581.8254189964 4.750791065668768E10 532466.8022064314 25396.088220940852 4.2357478658366456E9 8.916402631827236 35.0 12.088235294117645 1.0 44.315239629929884 24.0 465036.543505651 5.738512227255663E10 517465.711392925 1525.5474452554727 2254833.541036125 3000.0 194638.45611681888 7.628737682851837E10 10156.726406366095 173251.89422965876 8.216943853223163E10 2425.974256036425 0.2902558901311303 30.70251627735886 0.005763185042181313
7800.010496776557 1.52e+03 1.61e+03 1.39e+03 2.25e+03 0.952 1.00 0.213 497392.7694507445 4.625913490691193E10 541218.0690138013 47396.89273969518 1.4904098078908731E10 8.89606301464876 35.0 12.088235294117645 1.0 43.822208045733646 23.0 471281.5602618444 5.5631512605256935E10 523224.0769921669 1525.5474452554727 2254833.541036125 3000.0 199439.18911481852 7.880846687588377E10 10156.726406366095 168970.66078521963 8.251169880478639E10 519.8853557357295 0.2925453466451591 31.129476273794154 0.005763185042181313
7860.010496776557 1.52e+03 1.59e+03 1.44e+03 2.25e+03 0.952 1.00 0.215 492557.6667692961 4.801613089896115E10 541527.15096821 7856.789842191427 8.873510336057551E8 8.866338729890384 34.0 12.454545454545448 1.0 43.51443073071486 22.0 468766.46935076336 5.652472001360272E10 525295.6040003251 1525.5474452554727 2254833.541036125 3000.0 196092.0967695888 7.708305915956445E10 10179.4127927369 173768.96036514326 8.220838144878648E10 2048.7394620593927 0.5656624676917459 61.75362484902433 0.005784485481207372
7920.010496776557 1.52e+03 1.63e+03 1.44e+03 1.95e+03 0.956 1.00 0.204 492190.21775435377 4.7059162269771965E10 534094.3621166961 13321.917365747406 1.5830591683117497E9 8.875723397470283 32.0 13.258064516129037 1.0 44.469440999361574 21.0 467607.24158683186 5.572384888214485E10 521273.5027281032 1525.5474452554727 2254833.541036125 3000.0 198404.2638102746 7.728500499229195E10 13379.649423442566 171776.7860345705 8.23288486409285E10 2048.7394620593927 0.01623888407171319 6.950316099130992E-4 0.005784485481207372
7980.010496776557 1.52e+03 1.65e+03 1.39e+03 2.31e+03 0.946 1.00 0.227 498817.8020887595 4.6618150624982056E10 537003.1981929247 819.2187695366209 6009597.749717875 8.84730910810728 32.0 13.258064516129037 1.0 46.235605141445916 21.0 475112.63103148853 5.550853325910033E10 524685.2106329551 1525.5474452554727 2254833.541036125 3000.0 196534.52067284976 7.703264004387247E10 11485.649962197906 171688.37623225234 8.256586544648363E10 519.9527551448142 0.016151006201778277 6.00683532030937E-4 0.006518706622780627
8040.010496776557 1.53e+03 1.64e+03 1.37e+03 2.32e+03 0.946 1.00 0.226 507217.9788179414 4.900727562136806E10 552375.0904307826 961.6219652028453 8777336.434452994 8.84730910810728 32.0 13.258064516129037 1.0 46.72684292205463 21.0 483070.6552589533 5.810194248645907E10 541372.6099910056 1532.8467153284662 2254406.266690401 3000.0 197427.3943696826 7.702658450287704E10 11485.649962197906 169155.01305300192 8.16190182728018E10 519.9527551448142 0.28979663477081075 30.71421809417986 0.006518706622780627
8100.010496776557 1.53e+03 1.61e+03 1.39e+03 2.32e+03 0.946 1.00 0.227 516956.3619767672 4.851768889006909E10 552935.9631434234 52293.469791884156 2.5665045776787E10 8.89606301464876 35.0 12.088235294117643 1.0 44.207066243784496 23.0 489403.4256608739 5.891631291367246E10 537711.9261096065 1532.8467153284662 2254406.266690401 3000.0 197925.91357941352 7.77367384787737E10 10179.4127927369 172788.19682652078 8.132844797306773E10 519.9527551448142 0.01797783249195886 8.218945273512359E-4 0.006361724665010887
8160.010496776557 1.53e+03 1.61e+03 1.37e+03 2.18e+03 0.944 1.00 0.231 509997.27029080386 4.986969725232324E10 552637.6429733839 14514.28601530979 2.7646052314646697E9 8.84730910810728 35.0 12.088235294117647 1.0 43.160284526724396 23.0 485690.05184745364 5.90788845320166E10 537711.9261096065 1532.8467153284662 2254406.266690401 3000.0 194089.60222943456 7.596848330155373E10 9911.482925278842 169780.8372987228 8.03730483220572E10 519.9527551448142 0.01786315898437771 8.081983855932955E-4 0.006382921606822879
8220.010496776558 1.53e+03 1.67e+03 1.29e+03 2.39e+03 0.944 1.00 0.231 509612.13911355543 5.021409013271573E10 551631.2353219083 4148.469754735291 1.6700092504695967E8 8.84730910810728 34.0 12.454545454545451 1.0 44.04194797937736 23.0 485505.8122959696 5.925801309577811E10 537065.9407389646 1540.1459854014606 2253872.1737582353 3000.0 196234.08167335682 7.66997634295356E10 10179.4127927369 170148.2676215077 8.053592561292407E10 0.0 0.02029114325773612 0.0013133208426937698 0.006386773567403648
8280.010496776558 1.54e+03 1.68e+03 1.39e+03 2.42e+03 0.947 1.00 0.224 506883.83421537816 5.465771773231933E10 551970.9939522222 2896.0394458628134 8.831432150784254E7 8.84730910810728 32.0 13.258064516129037 1.0 47.835111053099496 21.0 483075.5864348882 6.3262879783874565E10 538143.5434382483 1547.4452554744546 2253231.2622396452 3000.0 196438.4810782998 7.651048089235896E10 10211.873776899727 172523.21923826475 8.010505249638435E10 519.9527551448142 0.01775287276152512 7.42227330534412E-4 0.006518706622780627
8340.010496776558 1.54e+03 1.65e+03 1.35e+03 2.54e+03 0.950 1.00 0.218 515916.3578313939 4.874990497873367E10 551615.529521151 12345.575011314373 2.48958701744635E9 8.861516252788782 34.0 12.454545454545455 1.0 49.00707277340875 23.0 490354.9256475666 5.863686674809919E10 537711.9261096065 1547.4452554744546 2253231.2622396452 3000.0 196740.3437556369 7.690499854785292E10 10156.726406366095 173872.2532159031 8.079596121551814E10 519.9527551448142 0.01765646722946515 6.400703233889257E-4 0.006386773567403648
8400.010496776558 1.53e+03 1.65e+03 1.35e+03 2.54e+03 0.952 1.00 0.215 510055.06849741307 4.7972638208121216E10 545796.2860081418 11678.902792337556 2.2018506387512693E9 8.861516252788782 33.0 12.84375 1.0 51.09896115035179 22.0 485369.8469114403 5.7395474649539825E10 533891.7313479513 1540.145985401461 2253872.173758235 3000.0 196326.49639276857 7.66802495338012E10 11485.649962197906 173914.56814923827 8.076556827424426E10 519.9527551448142 0.01828899472778042 6.74175600921809E-4 0.006386773567403648
8460.010496776558 1.53e+03 1.64e+03 1.44e+03 2.56e+03 0.951 1.00 0.215 513226.2862907872 4.8330553313741E10 546321.3698928358 1222.2145651029016 1.5837624292818911E7 8.84730910810728 33.0 12.84375 1.0 51.633390905998155 23.0 489900.4559721816 5.749445282637292E10 535552.0811776568 1540.145985401461 2253872.173758235 3000.0 200229.80049285066 7.842385573097583E10 10211.873776899727 178326.36628436093 8.150954302013542E10 519.9527551448142 0.01879845501550531 7.021865816441895E-4 0.006386773567403648
8520.010496776558 1.53e+03 1.67e+03 1.42e+03 2.54e+03 0.951 1.00 0.216 521741.35121833644 4.979573151632405E10 553484.9916467308 12165.91494279417 1.642832109162468E9 8.875723397470283 34.0 12.454545454545455 1.0 50.34077057235201 23.0 495760.4303954069 6.0238607001284454E10 546034.8351538207 1540.145985401461 2253872.173758235 3000.0 202411.36802788405 7.906986157937737E10 11461.354906675018 180569.90472130847 8.288301830712059E10 519.9527551448142 0.01866945583726073 7.118159628203083E-4 0.006361724665010887
8580.010496776558 1.53e+03 1.65e+03 1.36e+03 2.52e+03 0.951 1.00 0.216 526230.4955340744 5.070676807127578E10 562100.9891039332 31628.899793095603 9.794467311914871E9 8.89606301464876 35.0 12.08823529411765 1.0 49.09753289306277 23.0 499637.3574225342 6.124469595213805E10 552443.445154862 1540.145985401461 2253872.173758235 3000.0 204070.89794157323 7.985364972337807E10 11485.649962197906 177957.98371197373 8.301819973705792E10 519.9527551448142 0.019104980814974755 7.9510509402244E-4 0.006235674472138327
8640.010496776558 1.53e+03 1.64e+03 1.44e+03 2.51e+03 0.951 1.00 0.217 511570.3526619156 4.950952847965954E10 552443.445154862 24165.68351639595 5.841819489701516E9 8.875723397470283 35.0 12.08823529411765 1.0 48.58068430663088 23.0 486528.1858662697 5.9547630431871765E10 541372.6099910056 1532.8467153284662 2254406.266690401 3000.0 205003.84633503377 8.083863545676897E10 10211.873776899727 180080.1566892352 8.368092344287846E10 519.9527551448142 0.01951847264955718 8.791457984472055E-4 0.006087264397853331
8700.010496776558 1.53e+03 1.64e+03 1.40e+03 2.51e+03 0.933 1.00 0.251 513352.6150851645 4.871797334454439E10 552332.890593319 9019.9556606851 1.3111680109994783E9 8.90533373891779 34.0 12.454545454545453 1.0 49.46090053585945 23.0 489307.73921873415 5.828705843092579E10 537328.0877752616 1532.8467153284662 2254406.266690401 3000.0 206309.2972796508 8.155371910126581E10 10156.726406366095 182762.48296977885 8.486620577664061E10 519.9527551448142 0.019589560209094917 8.982998696236675E-4 0.005824988829909057
8760.010496776558 1.53e+03 1.67e+03 1.39e+03 2.50e+03 0.929 1.00 0.257 518444.1389982571 4.807059357294558E10 556061.1272577511 14099.868622615373 1.8164524850746598E9 8.929464937868376 35.0 12.08823529411765 1.0 47.902911689234436 24.0 492621.2352647654 5.841540644769811E10 544945.5899884718 1532.8467153284662 2254406.266690401 3000.0 207221.3381685446 8.194884323706494E10 10179.4127927369 182488.97600436333 8.45184602128242E10 519.9527551448142 0.01938203847545183 8.85547285316803E-4 0.005792703489185433
8820.010496776558 1.52e+03 1.64e+03 1.19e+03 2.48e+03 0.932 1.00 0.252 523239.0246399453 4.64685719691092E10 554029.4056552622 16208.580113651082 2.586242975491787E9 8.927982825784 36.0 11.742857142857147 1.0 46.72406034503051 23.0 496183.8577090527 5.7310538806675644E10 546211.0236772657 1525.5474452554727 2254833.541036125 3000.0 203423.08751495028 8.096053556375792E10 9829.982654894573 180596.02119264982 8.533146323485962E10 0.0 0.019152775732154372 8.555875975263721E-4 0.005635520706203156
8880.010496776558 1.52e+03 1.61e+03 1.27e+03 2.47e+03 0.927 1.00 0.261 525167.415487873 4.764175675269394E10 551615.529521151 32516.965661052694 7.510187617430274E9 8.948005564961568 39.0 10.815789473684205 1.0 43.479013429692046 26.0 497504.1750326242 5.882708822484133E10 536714.6377846404 1525.5474452554727 2254833.541036125 3000.0 205782.83396095387 8.218957874872504E10 9829.982654894573 181993.50135868648 8.650284915960713E10 0.0 0.019830987139033328 9.413910322725949E-4 0.00552257628866312
8940.010496776558 1.52e+03 1.59e+03 1.24e+03 2.51e+03 0.928 1.00 0.259 523742.50846809073 5.092868871762343E10 559378.1543809338 1727.6479620401594 2.105350391557245E7 8.916402631827236 36.0 11.742857142857147 1.0 44.21694036368923 24.0 498657.66347384633 6.0912113305777695E10 552339.3228033445 1525.5474452554727 2254833.541036125 3000.0 203632.5420282519 8.11571308971263E10 9827.488927173277 183931.76866084457 8.503989050853296E10 0.0 0.02046296756837122 9.506299402990727E-4 0.005698337934320505
9000.010496776558 1.52e+03 1.59e+03 1.43e+03 2.50e+03 0.941 1.00 0.223 527983.4378929869 4.953357782183374E10 561462.7863971611 13532.389365062134 1.7382916334083388E9 8.960055535046038 38.0 11.108108108108109 1.0 43.357546942566756 26.0 498739.67794577434 6.128097420355117E10 552339.3228033445 1525.5474452554727 2254833.541036125 3000.0 205357.8832451033 8.150813885230237E10 9842.471290202242 189441.10499267993 8.607056447139081E10 519.9527551448142 0.020691328704968183 9.971575375123437E-4 0.0053033926639585085
9060.010496776558 1.53e+03 1.59e+03 1.32e+03 2.50e+03 0.946 1.00 0.205 524934.8774021002 4.769306418418567E10 551970.9939522222 34426.11614898894 1.6094719007563635E10 8.972011228358163 36.0 11.742857142857147 1.0 45.16853593659489 23.0 498294.73670600133 5.840423718862249E10 538197.6364098082 1532.8467153284662 2254406.266690401 3000.0 205304.01676891802 8.153626610675278E10 9827.488927173277 186392.90833867222 8.488830996248358E10 0.0 0.020741939151087834 0.0010600146829667766 0.0053033926639585085
9120.010496776558 1.53e+03 1.59e+03 1.33e+03 2.49e+03 0.950 1.00 0.196 523110.383957304 4.609283198816364E10 540659.9142833191 67116.86382362564 2.6628086832444477E10 8.979872056233244 39.0 10.815789473684205 1.0 43.84731201546457 27.0 493946.19145573804 5.782080768254106E10 531379.8166234179 1532.8467153284662 2254406.266690401 3000.0 201856.69811978898 7.981146193423476E10 9379.906293093049 182227.90705873776 8.31970353261971E10 0.0 0.020393579687325147 0.00104848430469391 0.004841004645436454
9180.010496776558 1.53e+03 1.59e+03 1.27e+03 2.51e+03 0.946 1.00 0.207 520558.01995562454 4.8034601298100296E10 552741.7653249014 2312.1506992510967 2.611828385357377E7 8.948005564961568 35.0 12.08823529411765 1.0 48.42511722866164 24.0 496196.64782301884 5.810347007645952E10 541372.6099910056 1532.8467153284662 2254406.266690401 3000.0 202485.41941487996 8.034113941494266E10 9755.57365118288 179134.99699938885 8.299084342519113E10 0.0 0.020538466181751966 0.0010018398280923504 0.005308961209916768
9240.010496776558 1.53e+03 1.59e+03 1.33e+03 2.49e+03 0.936 1.00 0.227 536876.121124848 4.663175464410323E10 569314.1736400814 10409.640676364745 1.3687384496653206E9 8.948005564961568 36.0 11.742857142857147 1.0 48.374362958044635 24.0 508780.2248086064 5.861345610232145E10 556964.7305454195 1532.8467153284662 2254406.266690401 3000.0 203401.8080642148 8.011748882041336E10 9829.982654894573 177087.22570631266 8.268838626149428E10 0.0 0.020532644201541713 9.92342294755524E-4 0.00492328284988758
9300.010496776558 1.53e+03 1.61e+03 1.41e+03 2.55e+03 0.963 1.00 0.189 536175.352137881 4.680087868357058E10 565102.009833715 23166.252820971058 3.2067207205225797E9 8.948005564961568 38.0 11.108108108108107 1.0 47.84511108415005 25.0 507251.64793937816 5.9144197317118614E10 552741.7653249014 1532.8467153284662 2254406.266690401 3000.0 202939.18905039356 8.003762388659483E10 10156.726406366095 179084.65948681507 8.236948770047751E10 559.9491209251845 0.29349506926791236 30.211761841145258 0.00630364022059666
9360.010496776558 1.53e+03 1.65e+03 1.46e+03 2.75e+03 0.988 1.00 0.111 530255.4612730561 4.8528862215249344E10 565129.8818512004 15267.6396776264 1.8957367545864868E9 8.948005564961568 36.0 11.742857142857147 1.0 51.22117143683212 25.0 502553.0755141159 5.9786780746685844E10 553092.5480309338 1532.8467153284662 2254406.266690401 3000.0 202578.66598568618 8.007205504779648E10 13054.600976029835 178770.26038645834 8.229871103005031E10 1819.8346430068495 0.025468033551963157 0.001116558936777912 0.008457909574211164
9420.010496776558 1.53e+03 1.73e+03 1.48e+03 2.66e+03 0.988 1.00 0.107 530909.8777011869 4.712216597534713E10 563348.6501424464 15032.191042268187 1.8088427064128766E9 8.948005564961568 34.0 12.454545454545455 1.0 52.93279401106824 23.0 503642.44622863305 5.824526034821598E10 553092.5480309338 1532.8467153284662 2254406.266690401 3000.0 201802.64355501256 8.025678692762161E10 11485.649962197906 177897.2402137139 8.309681297232849E10 2351.6368392945915 0.025931131051995845 0.001147489114933711 0.008457909574211164
9480.010496776558 1.53e+03 1.68e+03 1.43e+03 2.65e+03 0.988 1.00 0.107 530101.733257658 4.820075229875647E10 564891.0641801709 23126.52913714181 3.150218124736769E9 8.963938810597405 35.0 12.08823529411765 1.0 52.332484637236476 24.0 501679.45227189333 5.9747210746180244E10 554215.1971554868 1532.8467153284662 2254406.266690401 3000.0 201362.6657389764 8.054013647441466E10 10211.873776899727 177492.57927631904 8.335937854453084E10 1636.584563836158 0.02546267197420912 0.0011352763404203694 0.008372755260740715
9540.010496776558 1.53e+03 1.64e+03 1.39e+03 2.59e+03 0.989 1.00 0.106 523715.9398383287 4.990479837865439E10 561049.2351418794 55356.79202433669 1.836677139499557E10 8.979872056233244 36.0 11.742857142857147 1.0 51.067050996498644 22.0 494498.71332856605 6.150050238538537E10 552235.7929678308 1532.8467153284662 2254406.266690401 3000.0 201792.38058107847 8.01664166823829E10 10156.726406366095 176797.2900167178 8.392250481931682E10 616.4290031890713 0.025816790772481668 0.0012492902327672127 0.008372755260740715
9600.010496776558 1.53e+03 1.65e+03 1.33e+03 2.52e+03 0.989 1.00 0.106 519871.2239057814 4.832341652975984E10 557627.8901431683 55302.354429506195 1.9928575165583233E10 8.963938810597405 36.0 11.742857142857147 1.0 50.72204698570603 23.0 492221.57944098464 5.935905824212956E10 549667.2258722263 1532.8467153284662 2254406.266690401 3000.0 200511.82614087503 7.980180099313708E10 9849.959802431553 174533.7979004838 8.316879524216473E10 616.4290031890713 0.025958822783748687 0.0013114305279664786 0.008003219686908924
9660.010496776558 1.53e+03 1.67e+03 1.32e+03 2.42e+03 0.989 1.00 0.106 517590.0150832591 4.90181605503369E10 556118.0088197222 25688.32221243989 4.14148058465042E9 8.963938810597405 36.0 11.742857142857147 1.0 50.03607102242689 24.0 490151.790960269 5.9843865639911995E10 551256.26426789 1532.8467153284662 2254406.266690401 3000.0 199799.53583770804 7.905478818312663E10 10156.726406366095 176104.64380315255 8.332626196326804E10 300.8147235064287 0.02468782956449236 0.0011967146981562461 0.00792959010974393
9720.010496776558 1.53e+03 1.61e+03 1.33e+03 2.26e+03 0.989 1.00 0.106 525705.4393842667 5.140258249336125E10 565115.9458424577 68852.30940199252 1.2963602626913559E10 9.139265005049058 39.0 10.815789473684205 1.0 45.62352123521838 25.0 493288.3393735786 6.397321647036836E10 555297.4447063163 1540.1459854014615 2253872.173758235 3000.0 197813.79951938376 7.87336677271289E10 9911.482925278842 173312.94385393884 8.23451748724438E10 8.712855217678555 0.025790725944599524 0.0015518484151548196 0.007244555732273259
9780.010496776558 1.53e+03 1.63e+03 1.33e+03 2.51e+03 0.988 1.00 0.110 516908.84099041985 5.811845667978841E10 558045.9430114112 81726.55653929983 4.799109076672904E10 8.948005564961568 38.0 11.10810810810811 1.0 45.126848243949354 23.0 491676.10308332863 6.718521729260226E10 552385.3076444964 1540.1459854014615 2253872.173758235 3000.0 196537.72717637144 7.851823664078305E10 9842.471290202242 172172.67555293956 8.151639583195178E10 559.9491209251845 0.03068282145899698 0.0028304980091712665 0.008003219686908924
9840.010496776558 1.53e+03 1.64e+03 1.29e+03 2.55e+03 0.988 1.00 0.108 534836.5420724418 5.650825309246963E10 565115.9458424577 54486.28110661641 1.404485416847002E10 8.963938810597405 35.0 12.088235294117649 1.0 45.655075490065315 22.0 506457.313066843 6.743313174944846E10 556964.7305454195 1532.8467153284662 2254406.266690401 3000.0 196280.71194200157 7.821399518589856E10 9842.471290202242 170901.45029932552 8.103472966446004E10 0.0 0.03089307198741619 0.002485111708299725 0.008457909574211164
9900.010496776558 1.54e+03 1.61e+03 1.27e+03 2.67e+03 0.987 1.00 0.113 540274.3312682847 5.367734648398389E10 565129.8818512004 8460.765931022475 7.632294334449639E8 8.84730910810728 35.0 12.088235294117645 1.0 45.299921497730345 22.0 514442.9474798029 6.418880199839087E10 557593.9411382299 1547.4452554744546 2253231.2622396452 3000.0 195645.15317923125 7.80445302336115E10 9842.471290202242 173851.579421873 8.218852950637814E10 0.0 0.2994100282538102 29.92817271511949 0.008576806332589622
9960.010496776558 1.53e+03 1.62e+03 1.27e+03 2.77e+03 0.988 1.00 0.110 533873.9630988587 5.37199346706717E10 563853.6283874434 21012.80231961147 7.243396905793114E9 8.813808994951403 34.0 12.454545454545453 1.0 49.54864460122176 22.0 509751.0186113907 6.3252228895654305E10 554296.7113312408 1532.8467153284664 2254406.266690401 3000.0 195259.10610448295 7.79921290994202E10 9842.471290202242 171749.8034086118 8.148772000290234E10 0.0 0.028827033980162096 0.0016209855390925927 0.008757099973802964
10020.010496776558 1.52e+03 1.62e+03 1.27e+03 2.73e+03 0.988 1.00 0.110 552456.9754212816 5.009118762604439E10 573392.464005977 29651.940217575026 4.85344025222264E9 8.979872056233244 38.0 11.108108108108105 1.0 47.333793298107764 27.0 520376.2390291156 6.348233705451376E10 561308.2460320097 1525.5474452554727 2254833.541036125 3000.0 194415.6184305913 7.809724704545161E10 9802.360231436192 171667.40184428167 8.161842455995766E10 0.0 0.028163908851553097 0.0016355800565620634 0.008457273673330705
10080.010496776558 1.52e+03 1.61e+03 1.35e+03 2.75e+03 0.988 1.00 0.110 539668.7128390397 5.2352308049072014E10 568493.6267951948 40864.26649870506 2.746382583961596E10 8.897657336534424 36.0 11.742857142857147 1.0 48.49459815711613 25.0 512100.0356930668 6.352088858465711E10 558712.0486961725 1525.5474452554727 2254833.541036125 3000.0 194517.6544971637 7.829829829823816E10 9490.472632869805 174940.0591666945 8.189937851512009E10 554.4891081510987 0.3001079365282733 30.10355144456601 0.008668550618160586
10140.010496776558 1.51e+03 1.61e+03 1.33e+03 2.66e+03 0.988 1.00 0.109 544956.977815482 5.139192081912943E10 571320.9904493939 18120.13610237267 2.0671420058853753E9 8.948005564961568 36.0 11.742857142857147 1.0 48.487319662642 23.0 515603.609058609 6.347505467989946E10 560160.1264636912 1518.2481751824816 2255153.9967954303 3000.0 195737.4395093322 7.848475016793062E10 9755.57365118288 174311.49023139972 8.189037428798447E10 405.4713844974833 0.2994018494601206 30.114778330831243 0.008456785161591533
10200.010496776558 1.51e+03 1.65e+03 1.24e+03 2.71e+03 0.988 1.00 0.107 524084.0140217752 5.141934744204783E10 554960.7392356297 44083.60779184482 2.029979426670262E10 8.897657336534424 36.0 11.742857142857147 1.0 49.868263429550005 22.0 500287.7208087379 6.078414587353345E10 547282.6880004157 1518.2481751824816 2255153.9967954303 3000.0 197115.03441204183 7.850132375023303E10 9852.798723193755 174209.45065165372 8.235092191487672E10 0.0 0.02475555439982421 0.0014162050602831524 0.008414770211166125
10260.010496776558 1.50e+03 1.76e+03 1.24e+03 2.72e+03 0.988 1.00 0.108 524490.8350699394 4.661548646428271E10 547621.021895232 28943.38415569416 7.272402969786705E9 8.897657336534424 36.0 11.742857142857147 1.0 49.93604312879974 25.0 498056.40513968404 5.701824056296725E10 537547.3708027585 1510.948905109491 2255367.63396831 3000.0 197730.0544702847 7.843911219774854E10 10466.86212767619 175223.78847252062 8.230735157690016E10 0.0 0.588450392929229 65.55414628600431 0.008414770211166125
10320.010496776558 1.50e+03 1.77e+03 1.38e+03 2.72e+03 0.988 1.00 0.107 517242.3194847642 5.0532851899701645E10 530929.1736669368 35265.738576815966 8.912733741123817E9 8.897657336534424 34.0 12.454545454545455 1.0 51.418680280790774 22.0 491401.75918465515 6.023464396736748E10 521640.61464207363 1510.948905109491 2255367.63396831 3000.0 196048.98358976198 7.849897111974278E10 10211.873776899727 174781.63652576925 8.241539964751726E10 559.9491209251845 0.30591475691472436 32.90801631131067 0.008414770211166125
10380.010496776558 1.50e+03 1.70e+03 1.41e+03 2.63e+03 0.988 1.00 0.107 512784.6455769381 5.550968998806996E10 529206.2678226723 42912.93954668229 9.425478520474445E9 8.948005564961568 36.0 11.742857142857147 1.0 47.66694677788848 22.0 485735.64867255127 6.533464303664764E10 507730.7788192301 1510.948905109491 2255367.63396831 3000.0 198162.8406575648 7.883097028076277E10 9842.471290202242 175947.261017983 8.206944587290561E10 559.9491209251845 0.02230545747382296 0.0012376851383221754 0.007841884779061895
10440.010496776558 1.50e+03 1.67e+03 1.27e+03 2.50e+03 0.988 1.00 0.107 519033.532512408 5.309213512858796E10 546321.3698928358 59614.37610427623 9.10581638712738E9 9.037326107815513 38.0 11.108108108108107 1.0 45.55142623927856 24.0 488316.82375420094 6.442956865389201E10 525512.4115123017 1510.948905109491 2255367.63396831 3000.0 198237.14780439175 7.932239962915034E10 9842.471290202242 176420.02735585364 8.266093728734515E10 0.0 0.021240526563213097 0.0010535187459551221 0.007124459593987019
10500.010496776558 1.51e+03 1.77e+03 1.16e+03 2.74e+03 0.988 1.00 0.108 510895.7268985266 5.3801670404198715E10 541372.6099910056 7732.285532152263 8.372031421146587E8 8.813808994951403 35.0 12.088235294117652 1.0 49.870965408049145 25.0 487108.4265012001 6.275439462705703E10 529771.7111163959 1518.2481751824816 2255153.9967954303 3000.0 198836.87883477702 7.96909199073428E10 9842.471290202242 175163.7203443726 8.273337720331363E10 0.0 0.0235184828879316 0.00123119130731095 0.008576806332589622
10560.010496776558 1.50e+03 1.76e+03 1.33e+03 2.78e+03 0.988 1.00 0.107 508273.24074394425 5.18146369447351E10 541218.0690138013 973.2290033719185 1.5805674826202855E7 8.780308881795525 30.0 14.17241379310345 1.0 56.968079386315274 21.0 485867.7008342102 6.031423593642436E10 523868.2650047791 1510.9489051094909 2255367.63396831 3000.0 199106.72755453258 7.972162145989041E10 9842.471290202242 176672.5848271043 8.248105345418625E10 0.0 0.2960459714653096 30.232441528600482 0.00879010703762886
10620.010496776558 1.50e+03 1.76e+03 1.24e+03 2.77e+03 0.988 1.00 0.107 514778.60730716237 4.884456583006134E10 552400.0576651383 6536.527534573326 5.719811590990102E8 8.813808994951403 31.0 13.700000000000006 1.0 57.586007639547866 22.0 491018.8780177201 5.803452709159956E10 538551.1889846988 1510.9489051094909 2255367.63396831 3000.0 199583.0377042685 7.94451306620853E10 9852.798723193755 179466.93955261752 8.268489052212016E10 0.0 0.29753055469174433 30.306613861866726 0.008678421690532623
10680.010496776558 1.50e+03 1.73e+03 1.24e+03 2.76e+03 0.988 1.00 0.107 509376.2715130966 5.092972370795663E10 540231.0963033123 14015.105492440209 1.7349283619111738E9 8.813808994951403 31.0 13.700000000000006 1.0 57.397675070060735 21.0 485952.7664265651 5.9738485074778465E10 524789.1110106118 1510.9489051094909 2255367.63396831 3000.0 199724.15150064888 7.944870528246889E10 9852.798723193755 176802.96220348476 8.273566324580371E10 0.0 0.29802307492422353 30.307405245274207 0.008678421690532623
10740.010496776558 1.50e+03 1.64e+03 1.28e+03 2.73e+03 0.988 1.00 0.108 520621.68266281474 5.0934483948017334E10 552741.7653249014 92054.41923551162 5.227237558322639E10 8.963938810597405 35.0 12.088235294117652 1.0 53.107876290284544 25.0 493058.4093323952 6.173353856902355E10 537879.3063481164 1510.9489051094909 2255367.63396831 3000.0 200284.20308247203 8.000943597814609E10 9852.798723193755 176053.95360011116 8.336947350239645E10 0.0 0.2984805266632338 30.307793644898574 0.008372755260740715
10800.010496776558 1.50e+03 1.64e+03 1.33e+03 2.58e+03 0.989 1.00 0.105 532924.7498948135 5.151686472024792E10 563853.6283874434 76103.48859837995 4.46630726772356E10 8.963938810597405 34.0 12.454545454545455 1.0 53.051914968436165 24.0 504640.88450281136 6.232565284642577E10 552510.6122266813 1503.6496350364973 2255474.4525547503 3000.0 200782.10259285846 8.052087506132027E10 9842.471290202242 176764.92881279392 8.357893709545099E10 8.712855217678555 0.02720907809661679 0.0017597654658488902 0.007972350608742716
10860.010496776558 1.50e+03 1.64e+03 1.42e+03 2.56e+03 0.989 1.00 0.105 525223.3497779322 5.258185666722424E10 563703.9032396944 38893.10283504216 5.781728268705885E9 8.963938810597405 34.0 12.454545454545455 1.0 51.71441464251705 24.0 497615.2293003268 6.364893354156057E10 552741.7653249014 1503.6496350364973 2255474.4525547503 3000.0 199074.1484210502 7.982116032653238E10 9379.906293093049 175782.28582410442 8.37746647799291E10 1658.6412173541503 0.025950048172005007 0.0017405725421527822 0.007967648711621799
10920.010496776558 1.50e+03 1.62e+03 1.36e+03 2.64e+03 0.988 1.00 0.107 521523.77141140064 4.9642986727542175E10 553249.1329184443 57998.870713715216 2.6868100276988346E10 8.979872056233244 35.0 12.088235294117652 1.0 49.42356672991734 23.0 491949.24270788167 6.082053046919664E10 542621.3164055271 1503.6496350364973 2255474.4525547503 3000.0 201355.9806750077 8.133054247457513E10 9755.57365118288 175704.98911180763 8.444316238533664E10 504.3475666528088 0.023856339303492284 0.001619170140836758 0.007979499739605959
10980.010496776558 1.50e+03 1.61e+03 1.41e+03 2.64e+03 0.959 1.00 0.197 551255.6641993546 5.085680960680022E10 575324.1677448581 24669.16196056912 2.8379328802489133E9 8.948005564961568 36.0 11.742857142857147 1.0 48.90287063458058 25.0 521078.88064738625 6.353811883872714E10 562701.501977913 1503.6496350364973 2255474.4525547503 3000.0 199385.42898712878 8.036056801322148E10 8631.294607722613 176106.07420260503 8.463649444474704E10 774.5572047953319 0.56870727696196 60.96389751587172 0.008003219686908924
11040.010496776558 1.49e+03 1.60e+03 1.44e+03 2.64e+03 0.960 1.00 0.197 550146.788662689 4.939066979276744E10 572474.3176851308 26404.491564174692 3.2615248669383745E9 8.948005564961568 35.0 12.088235294117652 1.0 49.15428255768908 24.0 520337.5724809449 6.1896277962901184E10 555562.7832469515 1496.3503649635022 2255474.4525547363 0.0 202306.49558259614 8.156298653121907E10 9331.409920023909 178031.70744122195 8.442572534547508E10 8.712855217678555 0.023552098087462146 0.0016311197874052264 0.008160382174659874
11100.010496776558 1.48e+03 1.57e+03 1.42e+03 2.50e+03 0.961 1.00 0.194 549673.03362759 5.002606020310435E10 575040.4140976899 46220.51895384308 1.0452193902083834E10 8.979872056233244 36.0 11.742857142857147 1.0 47.322636578841546 25.0 518200.2284728658 6.277611321782943E10 557002.8023545311 1489.0510948905091 2255367.633968315 0.0 202817.84510590555 8.150676777173807E10 9331.409920023909 179628.27661618186 8.499706769360533E10 563.9205690920958 0.023482825465612894 0.001679649958564094 0.006527996989058683
11160.010496776558 1.47e+03 1.59e+03 1.16e+03 2.53e+03 0.961 1.00 0.195 544677.1111652075 5.172926122511814E10 560822.378252804 13241.710393506193 2.029827054219148E9 8.852471517904851 35.0 12.088235294117652 1.0 48.33868370410997 25.0 518856.5302613784 6.248211029340177E10 551970.9939522222 1481.7518248175184 2255153.9967954303 0.0 202694.54127985772 8.133656582952443E10 9331.409920023909 178945.7647941124 8.49058364390186E10 0.0 0.5881869192388278 65.40186328951191 0.007236822920845822
11220.010496776558 1.47e+03 1.57e+03 1.31e+03 2.48e+03 0.961 1.00 0.193 540757.9995084372 5.030937774020182E10 552741.7653249014 50621.76861830915 2.8387945774237656E10 8.963938810597405 35.0 12.088235294117652 1.0 48.00086340578189 24.0 511533.03241824 6.230891940230962E10 541372.6099910056 1481.7518248175184 2255153.9967954303 0.0 202660.93408223358 8.136763382837054E10 9331.409920023909 179931.68701221544 8.45218717067556E10 0.0 0.3047354075818876 32.65800815854421 0.006518706622780627
11280.010496776558 1.47e+03 1.54e+03 1.24e+03 2.51e+03 0.953 1.00 0.212 549402.5867994425 5.105276596372812E10 575983.7702973059 9882.539259353227 1.8307795590926442E9 8.849890313006066 34.0 12.454545454545453 1.0 48.41686877337465 23.0 524190.34264352184 6.21265966949835E10 564744.2442418204 1481.7518248175184 2255153.9967954303 0.0 201258.06427393132 8.194528411900975E10 8485.649962197906 179840.40211477407 8.496855166822646E10 0.0 0.29533221339936433 30.22073037539298 0.006680535255626748
11340.010496776558 1.47e+03 1.56e+03 1.29e+03 2.47e+03 0.953 1.00 0.211 551720.0780569225 5.181755042744127E10 575830.636860154 37775.61152264532 1.4212558668247078E10 8.852471517904851 34.0 12.454545454545453 1.0 47.61045769385316 22.0 525130.3940941829 6.351688479711102E10 564744.2442418204 1481.7518248175184 2255153.9967954303 0.0 200318.43943684327 8.090444151346964E10 8868.619657960651 179549.73192971313 8.569552414029704E10 0.0 0.30625637641450404 32.680786230186094 0.006527996989058683
11400.010496776558 1.47e+03 1.56e+03 1.28e+03 2.50e+03 0.961 1.00 0.194 554649.8664549646 4.9736799177725105E10 576861.9049137898 26016.556629602524 7.213849311503247E9 8.948005564961568 36.0 11.742857142857147 1.0 46.157876682446464 25.0 527433.5907128344 6.155744885997802E10 567040.9256046374 1481.7518248175184 2255153.9967954303 0.0 199648.14077879724 8.08284334483569E10 8631.721250400733 177167.6825348061 8.513029870470831E10 0.0 0.025476670787030233 0.0019666223914197797 0.006601544668083857
11460.010496776558 1.48e+03 1.58e+03 1.33e+03 2.45e+03 0.957 1.00 0.203 550647.4914519626 5.327475503303118E10 575830.636860154 37168.72397674595 9.755707271416363E9 8.948005564961568 37.0 11.416666666666664 1.0 44.4646729759383 25.0 521593.0949049814 6.556329388133539E10 565329.5340351578 1489.0510948905091 2255367.633968315 0.0 203099.69569098 8.189952110390701E10 9379.906293093049 178739.83405633806 8.530016652245549E10 8.712855217678555 0.024422134183146274 0.001915095406257541 0.006518706622780627
11520.010496776558 1.48e+03 1.58e+03 1.21e+03 2.41e+03 0.957 1.00 0.203 550356.1407230946 5.561540394716628E10 577735.830384853 51353.74364673662 2.3375489648090244E10 8.948005564961568 38.0 11.108108108108109 1.0 42.6098474428048 24.0 521318.2010111946 6.773855422130497E10 569987.5120199311 1489.0510948905091 2255367.633968315 0.0 203527.74424603334 8.188106287879701E10 9849.959802431553 178370.92693444673 8.531948301973819E10 0.0 0.2988438721710521 30.898693073295053 0.006280611619818631
11580.010496776558 1.48e+03 1.56e+03 1.23e+03 2.18e+03 0.958 1.00 0.200 562239.4585181057 5.078680631771105E10 575830.636860154 19245.19220177418 2.2254787775235734E9 8.979872056233244 38.0 11.108108108108107 1.0 41.97008444103952 25.0 529646.2736478477 6.5000845460831665E10 566512.198130311 1489.0510948905091 2255367.633968315 0.0 201193.74249896398 8.117921860244246E10 9849.959802431553 181709.6911416282 8.635660930346014E10 0.0 0.2988684350615424 30.74925801633425 0.006666936437395959
11640.010496776558 1.49e+03 1.55e+03 1.30e+03 2.14e+03 0.951 1.00 0.215 546894.9625054351 5.469201487804437E10 564744.2442418204 10791.885993666285 1.9550329308122287E9 8.849890313006066 35.0 12.08823529411765 1.0 43.827048274185714 23.0 518986.2011698312 6.643070195175411E10 555087.0662348417 1496.3503649635024 2255474.4525547414 0.0 200707.4986832204 8.113335913450958E10 8868.28269060677 180380.75711291854 8.519139577566025E10 0.0 0.040649260262366434 0.004812310430004269 0.008155131572811761
11700.010496776558 1.49e+03 1.56e+03 1.22e+03 2.64e+03 0.951 1.00 0.215 546427.3013098283 5.273427624128803E10 565129.8818512004 630.2280679903882 8097566.818617682 8.84730910810728 34.0 12.454545454545453 1.0 47.54346097854237 23.0 519780.2522808419 6.4044900009098854E10 554182.25560168 1496.3503649635024 2255474.4525547414 0.0 202331.6805469364 8.20011873764415E10 9601.082498799764 182251.45831439705 8.577038526157007E10 0.0 0.037019964341139314 0.0040026937132282316 0.008409555889118011
11760.010496776558 1.49e+03 1.59e+03 1.17e+03 2.67e+03 0.951 1.00 0.217 540420.1949284864 5.1888012628562256E10 553249.1329184443 3794.1192020482617 2.1418167947587815E8 8.852471517904851 34.0 12.454545454545455 1.0 50.058772276377105 23.0 513904.1429415648 6.3043647903499344E10 547282.6880004157 1496.3503649635024 2255474.4525547414 0.0 201982.3186483152 8.176597034719466E10 9755.57365118288 177775.69917721357 8.465477457670996E10 0.0 0.03138290706594861 0.0029350342594712665 0.008304002338672917
11820.010496776558 1.49e+03 1.58e+03 1.22e+03 2.67e+03 0.951 1.00 0.217 521914.6734798496 5.040472818043671E10 547869.1730858737 6842.096687975507 6.679014817044307E8 8.900123653684759 35.0 12.088235294117652 1.0 49.49096498324981 24.0 495115.8678563962 6.1227946791958565E10 537009.2792118564 1496.3503649635024 2255474.4525547414 0.0 201401.93040538885 8.163534767444412E10 9379.906293093049 177817.85510379577 8.38270008713183E10 0.0 0.03004479646556299 0.0027933854009381 0.008150884540937188
11880.010496776558 1.48e+03 1.58e+03 1.42e+03 2.67e+03 0.951 1.00 0.217 526451.978769499 4.853298661913599E10 554116.937309244 6842.096687975507 6.679014817044307E8 8.900123653684759 35.0 12.088235294117652 1.0 49.49096498324981 24.0 499230.10347264115 5.971981959786835E10 546321.3698928358 1489.0510948905091 2255367.633968315 0.0 201510.34559510511 8.175025390901276E10 9379.906293093049 182008.6377178272 8.35490604916232E10 567.3181343181203 0.029897555575061643 0.002831210095819955 0.008150884540937188
11940.010496776558 1.48e+03 1.56e+03 1.35e+03 2.66e+03 0.950 1.00 0.217 539393.4963250924 4.860363831657792E10 565129.8818512004 9015.88776480748 7.364512162858684E8 8.947775789464668 36.0 11.742857142857147 1.0 48.46547762076018 25.0 509878.822021272 6.1010985283525276E10 552044.5932340671 1489.0510948905091 2255367.633968315 0.0 201807.0535856271 8.219949307702356E10 9379.906293093049 182015.7349165431 8.418488997904288E10 567.3181343181203 0.03008840648357819 0.0029199016060263297 0.008136597693973973
12000.010496776558 1.48e+03 1.56e+03 1.33e+03 2.64e+03 0.950 1.00 0.217 542875.035647803 5.058643083521779E10 572307.4560219537 55647.02227549009 2.689177100010521E10 8.947890677213117 37.0 11.416666666666664 1.0 47.171647053227645 25.0 513282.4893473404 6.302377143902398E10 557002.8023545311 1489.0510948905091 2255367.633968315 0.0 202294.29585968103 8.263441850268295E10 9379.906293093049 178896.81105008282 8.502415873308733E10 0.0 0.03053328909763783 0.0030522088202063697 0.008003219686908924
12060.010496776558 1.47e+03 1.57e+03 1.40e+03 2.67e+03 0.951 1.00 0.217 534927.8979813776 5.095331351232446E10 560935.8066973417 8900.68891601426 1.2530879056668537E9 8.900123653684759 35.0 12.088235294117652 1.0 48.27532630780214 24.0 506786.69213981053 6.254576275177364E10 551495.1352678698 1481.7518248175184 2255153.9967954303 0.0 202539.73104527497 8.311149906504137E10 9379.906293093049 182403.71210472283 8.46082757380089E10 567.3181343181203 0.03220162724606663 0.00325421358761626 0.008136597693973973
12120.010496776558 1.48e+03 1.58e+03 1.39e+03 2.64e+03 0.950 1.00 0.219 537643.0602355335 4.921765130633214E10 556380.5535539116 36786.04683444451 5.930520752714489E9 8.963938810597405 39.0 10.815789473684205 1.0 45.60870902085555 28.0 504465.8501315813 6.270809353655359E10 544810.5087440514 1489.0510948905091 2255367.6339683146 0.0 203056.99463934498 8.349130412238913E10 9379.906293093049 185295.0281119462 8.585094650976813E10 567.3181343181203 0.031093966548154484 0.0033128136403919955 0.007645011815021897
12180.010496776558 1.48e+03 1.57e+03 1.41e+03 2.61e+03 0.950 1.00 0.218 535303.6998460774 5.033634061733178E10 560822.378252804 13127.589540118925 1.610548357779197E9 8.900123653684759 36.0 11.742857142857147 1.0 47.282842838504955 24.0 505394.8684757779 6.2328864732937164E10 551615.529521151 1489.0510948905091 2255367.6339683146 0.0 203748.1978242931 8.404290682791147E10 9332.238605783727 181412.2971921819 8.541323602391847E10 625.6980010551289 0.032096753458552715 0.003597703435622467 0.007645011815021897
12240.010496776558 1.48e+03 1.56e+03 1.44e+03 2.62e+03 0.950 1.00 0.218 533736.7318949782 4.96079946352498E10 560274.6414395403 7912.720765357166 9.043416404232926E8 8.947775789464668 35.0 12.08823529411765 1.0 48.28599624275219 23.0 505023.39223980607 6.1255973437392876E10 552146.0482769528 1489.0510948905091 2255367.6339683146 0.0 201768.6775161545 8.378806831628966E10 8485.649962197906 186963.07360898104 8.671176434582172E10 2074.5674427903195 0.03311322321400606 0.003792332528584069 0.008016586186282308
12300.010496776558 1.49e+03 1.56e+03 1.33e+03 2.58e+03 0.949 1.00 0.220 538295.5662117099 5.008541704558433E10 565642.9139017907 45341.45862781318 1.718935614262183E10 8.948005564961568 38.0 11.108108108108105 1.0 45.01467895388487 25.0 505939.0004420179 6.346807581826481E10 553249.1329184443 1496.3503649635031 2255474.4525547414 0.0 201871.43698859704 8.393252789458018E10 8485.649962197906 181179.66268037548 8.664408224689352E10 0.0 0.3128376049105709 31.833053463345937 0.006518706622780627
12360.010496776558 1.49e+03 1.57e+03 1.36e+03 2.61e+03 0.948 1.00 0.221 517511.7158219052 4.984836646162252E10 551615.529521151 39253.727579670995 1.6855039858292496E10 8.947890677213117 37.0 11.416666666666664 1.0 44.85556184656952 24.0 489789.0543549038 6.085911387072752E10 541218.0690138013 1496.3503649635038 2255474.452554741 0.0 201119.35230998942 8.318221609742567E10 8839.211771731834 181446.7906566171 8.738917925486058E10 625.6980010551289 0.0352368948365588 0.004564609328816271 0.006661458996609336
12420.010496776558 1.49e+03 1.57e+03 1.42e+03 2.64e+03 0.948 1.00 0.223 516440.93043690635 5.105228949240114E10 551495.1352678698 9096.982180816836 9.057480244845848E8 8.947775789464668 36.0 11.742857142857147 1.0 45.54270320398267 24.0 488561.16273482644 6.191476579540518E10 537482.3144533302 1496.3503649635038 2255474.452554741 0.0 205039.79405416094 8.477018338407259E10 9379.906293093049 190140.933224427 8.859041201706557E10 2074.5674427903195 0.037992659248512486 0.005182815416370044 0.008136597693973973
12480.010496776558 1.49e+03 1.60e+03 1.44e+03 2.64e+03 0.948 1.00 0.221 518798.90326490713 5.185025385910313E10 552935.9631434234 20796.609859046195 7.422681951734718E9 8.900123653684759 34.0 12.454545454545455 1.0 47.06716670693257 22.0 492043.8959573707 6.242853983108568E10 541447.5880942496 1496.3503649635038 2255474.452554741 0.0 204295.62071423914 8.329985792405084E10 9852.798723193755 187096.14226369432 8.676088128575316E10 2074.5674427903195 0.038585440134964975 0.00535149856772085 0.008409281140082207
12540.010496776558 1.49e+03 1.58e+03 1.39e+03 2.65e+03 0.949 1.00 0.220 505497.17241703375 5.3104353566339455E10 547718.9222233015 828.8806437821409 1.3434330820533032E7 8.849890313006066 32.0 13.258064516129037 1.0 49.69773149882223 21.0 482280.3129643345 6.204725216983482E10 531868.7376981662 1496.3503649635038 2255474.452554741 0.0 206630.96354526214 8.427931896700624E10 9852.798723193755 187710.70443395493 8.691238998584598E10 625.6980010551289 0.03622635658143165 0.004806935253680742 0.008698318025323497
12600.010496776558 1.49e+03 1.61e+03 1.39e+03 2.67e+03 0.950 1.00 0.218 512076.20382567664 5.010315935009026E10 550661.7503196978 2314.2031595291087 5.9092456770989336E7 8.852471517904851 33.0 12.84375 1.0 49.95295165485477 22.0 487448.05407500954 5.998809005354486E10 537482.3144533302 1496.3503649635038 2255474.452554741 0.0 206853.8986863907 8.380826463821893E10 9919.53174831961 188613.53451164832 8.64007128346518E10 625.6980010551289 0.032593728149171296 0.004053722149122954 0.008572882637463936
12660.010496776558 1.49e+03 1.66e+03 1.33e+03 2.67e+03 0.950 1.00 0.217 515335.72055620444 4.944619370646082E10 551615.529521151 2123.8786017333423 5.125696040364976E7 8.900123653684759 34.0 12.454545454545455 1.0 49.8761534384738 23.0 489457.8766544958 6.004166720871226E10 541447.5880942496 1496.3503649635038 2255474.452554741 0.0 205739.6336154782 8.363590632924367E10 10832.340699979666 186244.7448585911 8.699778183016344E10 8.712855217678555 0.030711912627661722 0.0036295893591512785 0.00850835982688126
12720.010496776558 1.50e+03 1.70e+03 1.30e+03 2.66e+03 0.950 1.00 0.217 523879.48522120406 4.931596247972639E10 548833.8409240542 9178.867649072314 1.215970623012167E9 8.947775789464668 35.0 12.08823529411765 1.0 49.1542825576891 24.0 496365.31180627446 6.09003116497063E10 536667.5594647274 1503.6496350364964 2255474.4525547507 3000.0 205907.90747196216 8.424325447889372E10 10832.340699979666 184034.3351942426 8.770978836177576E10 0.0 0.03030152136337687 0.003573797201362752 0.008409281140082207
12780.010496776558 1.50e+03 1.63e+03 1.29e+03 2.62e+03 0.950 1.00 0.218 527435.1424675395 4.918310915880386E10 538555.8117574098 79415.8985394314 3.329011976088008E10 8.979872056233244 39.0 10.815789473684205 1.0 45.90286763883047 27.0 495128.075826662 6.2619475815694824E10 525035.1456979576 1503.6496350364964 2255474.4525547507 3000.0 206541.33576931522 8.500010224397427E10 9852.798723193755 187103.90038167447 8.827576250027107E10 0.0 0.02946853320690898 0.0034942140140287775 0.00799604632235667
12840.010496776558 1.50e+03 1.57e+03 1.32e+03 2.52e+03 0.944 1.00 0.230 535399.9319198951 5.509384018744246E10 550661.7503196978 57157.54335202452 1.4466059464705894E10 8.979872056233244 41.0 10.275000000000004 1.0 42.72031132845356 26.0 504687.87626186997 6.777150777119774E10 536240.6718261527 1503.6496350364964 2255474.4525547507 3000.0 207373.3406358609 8.554079492443707E10 9849.959802431553 187717.3284536703 8.7942562234215E10 0.0 0.03192699841147835 0.0041386493702943415 0.007403062206018944
12900.010496776558 1.50e+03 1.56e+03 1.13e+03 2.48e+03 0.947 1.00 0.224 553125.013435583 5.441739867313708E10 576293.7700092829 27540.74219494539 6.120338685844147E9 8.947890677213117 38.0 11.108108108108109 1.0 43.53784036379786 23.0 523234.6136321173 6.755417618401551E10 557554.8793478961 1503.6496350364964 2255474.4525547507 3000.0 206963.49712714256 8.506108006631529E10 9842.471290202242 185653.9326737713 8.804389736594858E10 0.0 0.032633043245095125 0.004249053114438194 0.007737138978622266
12960.010496776558 1.51e+03 1.59e+03 1.24e+03 2.55e+03 0.949 1.00 0.221 573796.7848653765 5.393649554208201E10 590240.7710263047 22864.830525162648 5.835140872280463E9 8.947775789464668 37.0 11.416666666666666 1.0 43.61282576752589 23.0 545203.0029904625 6.765180497573379E10 577108.9815737035 1518.2481751824816 2255153.9967954303 3000.0 207886.63423941153 8.691912268758382E10 8632.018874373602 189984.46169719423 8.941408620559064E10 0.0 0.03226261030579937 0.004331899540508442 0.0077865290544554145
13020.010496776558 1.50e+03 1.60e+03 1.32e+03 2.64e+03 0.947 1.00 0.224 563054.8391282302 5.474010599527127E10 589338.751057512 31653.693154018107 1.966294887911784E10 8.900123653684759 37.0 11.416666666666666 1.0 43.96321514305207 23.0 534813.5445412291 6.780230469367833E10 575493.1910777409 1503.6496350364964 2255474.4525547507 3000.0 208976.36788067652 8.668266546819347E10 9849.959802431553 186170.5494834133 8.946703396885097E10 0.0 0.03334166499995961 0.0045092246433712175 0.008572882637463936
13080.010496776558 1.50e+03 1.61e+03 1.25e+03 2.52e+03 0.950 1.00 0.218 557792.5715440118 5.452807545033915E10 581901.8487659195 22753.40261609923 5.835595690325253E9 8.947775789464668 36.0 11.742857142857147 1.0 45.25960597235809 23.0 528597.5029159184 6.7388448749188576E10 571816.5120350758 1503.6496350364964 2255474.4525547507 3000.0 207572.947060545 8.555581003706224E10 9852.798723193755 189303.80934009983 9.039299600545529E10 0.0 0.03280796131402534 0.004394545733112393 0.008150884540937188
13140.010496776558 1.50e+03 1.61e+03 1.38e+03 2.63e+03 0.949 1.00 0.220 534628.6219389593 5.3459382195167725E10 568472.3461639329 14886.856049793972 1.9568393235095336E9 8.947775789464668 36.0 11.742857142857147 1.0 46.76936079575709 24.0 507022.50429624546 6.496299539367028E10 551374.7410145886 1503.6496350364964 2255474.4525547507 3000.0 209868.44655653514 8.617441164271191E10 9919.57909132739 192860.52470983632 8.984563788704945E10 615.428980869744 0.03141267710183617 0.004014841021817917 0.00850835982688126
13200.010496776558 1.50e+03 1.64e+03 1.30e+03 2.60e+03 0.950 1.00 0.218 534083.736026483 5.231284978370724E10 567837.3902007639 32637.446795440374 1.1472904161432898E10 8.947890677213117 38.0 11.108108108108105 1.0 46.31821323061674 25.0 504579.6636748423 6.474361396147783E10 551860.8521562094 1503.6496350364964 2255474.4525547507 3000.0 210767.2131493321 8.604057039220506E10 12531.406360621046 192490.2946033749 8.99844787781419E10 0.0 0.2995297798788415 30.26530775850019 0.008136597693973973
13260.010496776558 1.50e+03 1.67e+03 1.19e+03 2.60e+03 0.950 1.00 0.217 512394.5393512599 5.030142694929635E10 557061.0706083786 32965.883367605 1.7177745923211662E10 8.947775789464668 37.0 11.416666666666664 1.0 47.07585064856193 24.0 485342.15240147326 6.115095287190504E10 545796.2860081418 1503.6496350364964 2255474.4525547507 3000.0 210403.16526464885 8.551651603355977E10 11993.809285646774 191789.48208742889 8.901945134073546E10 0.0 0.02603844088900264 0.0025642324373236266 0.008150884540937188
13320.010496776558 1.50e+03 1.69e+03 1.36e+03 2.58e+03 0.950 1.00 0.217 515710.77561561775 4.684037330550756E10 546321.3698928358 19658.797137539386 2.985019150231996E9 8.948005564961568 38.0 11.108108108108105 1.0 46.30741708276203 26.0 487261.4774084505 5.8471849787663445E10 529778.2983623737 1503.6496350364964 2255474.4525547507 3000.0 209684.83842790587 8.529582118550705E10 10608.541182364721 190605.46927926913 8.820534913439546E10 8.712855217678555 0.02697776817750672 0.0028366251503498963 0.0073140981826438425
13380.010496776558 1.50e+03 1.60e+03 1.44e+03 2.51e+03 0.943 1.00 0.203 508584.4529524903 4.668485189072848E10 519297.16134649434 45819.71543139676 1.6404752825710411E10 8.948005564961568 36.0 11.742857142857147 1.0 47.92539720731581 22.0 481700.1712810388 5.726595875053833E10 499889.6000921207 1503.6496350364964 2255474.4525547507 3000.0 209885.3186141913 8.573990023459975E10 9770.783218251696 192494.30923640387 8.80927789945543E10 1785.035104128182 0.029760373020007103 0.003678463258054021 0.007606353475767665
13440.010496776558 1.49e+03 1.54e+03 1.36e+03 2.39e+03 0.928 1.00 0.236 507360.6885937148 4.5008646657072E10 536861.4931397415 71581.79335140892 3.466144280840432E10 8.979872056233244 37.0 11.416666666666664 1.0 47.02058819587128 24.0 479488.1396275413 5.6668506379757744E10 517137.33181272127 1496.3503649635038 2255474.452554741 0.0 206867.47172002564 8.48656001885311E10 8632.018874373602 194946.99379285076 8.826222473395119E10 0.0 0.02470650407553375 0.0026978918166984766 0.006163104842407499
13500.010496776558 1.49e+03 1.61e+03 1.41e+03 2.32e+03 0.899 1.00 0.291 518348.0758099122 4.61701459051962E10 556015.700530974 47739.25028431644 2.0369187495678642E10 8.947890677213117 34.0 12.454545454545455 1.0 48.625540427003806 24.0 489437.01457431907 5.8293172179260506E10 537482.3144533302 1496.3503649635038 2255474.452554741 0.0 206649.86415510395 8.402463018324951E10 9852.798723193755 190932.69467478147 8.832006919011023E10 682.579637514686 0.019509232960754685 0.0011306959663973841 0.005798359050658019
13560.010496776558 1.48e+03 1.61e+03 1.49e+03 2.33e+03 0.894 1.00 0.295 522497.45890083833 4.612283063815722E10 552323.957137367 988.1618585258764 9841310.6455373 8.860740013001973 31.0 13.700000000000006 1.0 50.97068122781549 21.0 497082.9121853371 5.7039619475914764E10 541218.0690138013 1489.051094890509 2255367.6339683146 0.0 208845.76508685597 8.538242768140448E10 9908.547319575759 193355.9921072269 9.050854263653644E10 4254.655983295622 0.0184284681595142 8.932745074314303E-4 0.006135137075752247
13620.010496776558 1.48e+03 1.61e+03 1.39e+03 2.26e+03 0.864 1.00 0.344 496723.6664501339 4.85743689284557E10 536388.228689792 4809.018988417692 4.058119281048197E8 8.90425790123332 32.0 13.258064516129037 1.0 48.69220864569293 22.0 471710.2897036197 5.857464402634825E10 525399.5043779819 1489.051094890509 2255367.6339683146 0.0 208942.896864251 8.666797180334573E10 9842.471290202242 190486.4552717537 9.049767212119159E10 682.579637514686 0.017495401868253765 8.043820497444755E-4 0.006022887080618723
13680.010496776558 1.47e+03 1.64e+03 1.41e+03 2.33e+03 0.897 1.00 0.304 506628.7266185308 4.773348220865968E10 541218.0690138013 7610.4017978975835 5.585907074976226E8 8.947775789464668 33.0 12.84375 1.0 49.344156352389206 22.0 479962.7190278006 5.850687383937516E10 529633.1643843863 1481.7518248175184 2255153.9967954303 0.0 210846.25416540782 8.70413217697952E10 9842.471290202242 193068.79676863353 9.142169241611292E10 682.579637514686 0.014838259266023116 5.148141881485689E-4 0.0058111028738398515
13740.010496776558 1.47e+03 1.70e+03 1.42e+03 2.54e+03 0.968 1.00 0.175 498100.6200977655 4.694727624618739E10 537958.3214192198 18102.02133615325 4.132819898457205E9 8.90425790123332 34.0 12.454545454545455 1.0 51.304904071815415 23.0 473083.5604594085 5.7089591205909195E10 525048.7512806228 1481.7518248175184 2255153.9967954303 0.0 211683.2992964495 8.708968031115466E10 10145.025105896784 197274.465017057 9.208178293306084E10 927.4137628898043 0.014706805073753802 4.925141969768827E-4 0.005706297061345218
13800.010496776558 1.47e+03 1.64e+03 1.42e+03 2.55e+03 0.969 1.00 0.174 508104.31687214266 4.739315271200132E10 536860.9202269635 476.5349525468455 4368002.466504672 8.854024560554627 32.0 13.258064516129037 1.0 53.804564702222926 22.0 485049.11794553127 5.7009121372358795E10 530281.5997670633 1474.4525547445273 2254833.54103612 0.0 210374.2626868277 8.748395447781247E10 9842.398629502117 196862.89365388217 9.187193581476495E10 1028.062410312843 0.014858083247397196 4.8017992874422477E-4 0.006162011024406878
13860.010496776558 1.47e+03 1.64e+03 1.47e+03 2.55e+03 0.969 1.00 0.174 507327.7044227156 4.643451695204293E10 536239.9197508367 448.61950355520673 3861755.5706021846 8.854024560554627 31.0 13.700000000000006 1.0 54.52942894153258 21.0 484494.22923095134 5.602166511326941E10 521780.9904429993 1474.4525547445273 2254833.54103612 0.0 208886.2378449854 8.701729750703667E10 9827.293691101526 189745.0163518147 8.911709204821344E10 2333.9523620045115 0.01485758518414296 4.791642510575442E-4 0.006176703500577125
13920.010496776558 1.47e+03 1.61e+03 1.42e+03 2.55e+03 0.969 1.00 0.174 497783.9630392689 4.5020900723248375E10 522240.3806642318 422.36953920417375 3414149.055672244 8.854024560554627 31.0 13.700000000000006 1.0 54.52942894153258 21.0 475729.0111370315 5.426382008984346E10 512796.160889971 1474.4525547445273 2254833.54103612 0.0 211654.4707656251 8.801216085879251E10 9919.590723753687 196601.97295705735 9.231383180881189E10 1574.4216835721818 0.014969282130921018 4.8587418506849906E-4 0.006225740445251874
13980.010496776558 1.47e+03 1.64e+03 1.32e+03 2.55e+03 0.969 1.00 0.174 504344.69138450286 4.624123394815399E10 534333.0336692696 397.91356297718164 3021934.353433898 8.854024560554627 31.0 13.700000000000006 1.0 54.52942894153258 21.0 482092.5551866879 5.568393787120328E10 521780.9904429993 1474.4525547445273 2254833.54103612 0.0 211783.06972680092 8.801573845760356E10 10082.563202474214 196931.778293229 9.132598743084041E10 0.0 0.015070934748796573 4.920780113405832E-4 0.006195144020030088
14040.010496776558 1.47e+03 1.64e+03 1.25e+03 2.55e+03 0.969 1.00 0.174 510613.1764586044 4.8519155623369354E10 536239.1676755205 9897.105495376241 1.9209423273562565E9 8.860740013001973 32.0 13.258064516129037 1.0 53.48393387547043 22.0 487000.28496304137 5.861058286549919E10 519696.0839420834 1474.4525547445273 2254833.54103612 0.0 205313.11103290474 8.546658517510197E10 9770.476171326482 191501.29699721662 9.040840847371248E10 0.0 0.015093829994218435 4.954233693628093E-4 0.006259924358093749
14100.010496776558 1.46e+03 1.60e+03 1.15e+03 2.54e+03 0.969 1.00 0.173 488193.0370305508 4.742725519226046E10 496841.69161191164 11484.917162134901 1.7511662481979966E9 8.90425790123332 33.0 12.84375 1.0 53.90021208588354 24.0 465052.2810183119 5.718986752202476E10 489428.06317489425 1467.1532846715334 2254406.2666904093 0.0 211556.5815892643 8.853953115779192E10 9770.476171326482 198104.34710650868 9.202336716038127E10 0.0 0.014835513510282948 4.700753836960634E-4 0.0062145750583298635
14160.010496776558 1.46e+03 1.62e+03 1.27e+03 2.53e+03 0.969 1.00 0.172 493433.8169729655 4.798928269924263E10 501206.2546156357 9506.412021905124 1.1728999776529498E9 8.90425790123332 32.0 13.258064516129037 1.0 55.22557845898064 22.0 470614.40094646544 5.771472894080819E10 492755.2663175922 1467.1532846715334 2254406.2666904093 0.0 211915.08900430007 8.846377460216547E10 9852.798723193755 199888.83482003672 9.148399636155183E10 0.0 0.014989242616677953 4.726331966152753E-4 0.006083514661325541
14220.010496776558 1.45e+03 1.61e+03 1.41e+03 2.52e+03 0.969 1.00 0.172 504363.30174619466 4.605224640233471E10 511233.7595707673 32748.169425535998 1.4689788502428722E10 8.963938810597405 36.0 11.742857142857147 1.0 51.80242037108424 25.0 475975.76571411337 5.8199775542419525E10 492114.46957297315 1459.854014598539 2253872.173758242 0.0 209429.71239966038 8.755497594069391E10 9842.471290202242 196684.30160759907 9.125691988190831E10 0.0 0.013848519365734842 3.708008471199952E-4 0.005424893990315728
14280.010496776558 1.45e+03 1.60e+03 1.37e+03 2.53e+03 0.926 1.00 0.243 505102.70902987156 4.973135362864534E10 525984.6408250337 3279.322244060714 1.2166530106304187E8 8.947775789464668 34.0 12.454545454545455 1.0 53.02481194514679 23.0 480051.6750335995 6.012723714121831E10 497779.3594959051 1459.854014598539 2253872.173758242 0.0 207951.23416782173 8.697663856399577E10 8863.922111064781 195518.1106260421 9.02990158839546E10 0.0 0.014391815597200595 3.682141137546564E-4 0.006291775935822557
14340.010496776558 1.45e+03 1.58e+03 1.36e+03 2.52e+03 0.931 1.00 0.226 503615.70419972326 4.802712053732414E10 525984.6408250337 12701.234047393247 2.216603544067982E9 8.948005564961568 34.0 12.454545454545455 1.0 52.45360504119981 24.0 476435.0997686654 5.870491905696428E10 497779.3594959051 1459.854014598539 2253872.173758242 0.0 208077.0872018809 8.613933203694286E10 8863.802978800695 196018.08555411658 8.948665850774454E10 2277.7638370257364 0.015075926550978686 4.004488639894495E-4 0.007620841250311468
14400.010496776558 1.46e+03 1.59e+03 1.35e+03 2.52e+03 0.937 1.00 0.211 513694.23614106135 4.79087361264342E10 536388.228689792 3492.262612218395 1.1436884306562299E8 8.948005564961568 34.0 12.454545454545455 1.0 52.300866931803164 24.0 485480.08549836406 5.901370322002613E10 516572.43802386214 1467.1532846715336 2254406.2666904093 0.0 208248.52600413118 8.576683036515886E10 9379.906293093049 193181.3326886832 8.893997335942134E10 8.712855217678555 0.015443256515793828 4.2889137562972235E-4 0.0076031238419661095
14460.010496776558 1.46e+03 1.60e+03 1.38e+03 2.50e+03 0.944 1.00 0.196 523446.737845508 5.006196799322716E10 551374.7410145886 25090.87463812674 4.273119193317573E9 8.947890677213117 36.0 11.742857142857147 1.0 50.157600360758714 25.0 492470.44960869575 6.23562793057264E10 533443.076937362 1467.1532846715336 2254406.2666904093 0.0 210406.75356877153 8.621484172224825E10 9842.471290202242 197493.63857210544 8.8713488509299E10 0.0 0.2862550085471767 30.094381871407254 0.007641479661843652
14520.010496776558 1.46e+03 1.61e+03 1.39e+03 2.58e+03 0.969 1.00 0.174 518374.53190345183 5.3953619566355774E10 540157.3824864932 602.9905856740792 7728300.200405213 8.896244957728642 33.0 12.84375 1.0 52.20685245777979 23.0 492103.028549309 6.4400293097558304E10 524997.2103746141 1467.1532846715336 2254406.2666904093 0.0 208794.33248128684 8.593809976788503E10 9770.476171326482 196982.9240803951 8.949565287916359E10 0.0 0.5601959495328634 60.25543077715592 0.008768752692485556
14580.010496776558 1.46e+03 1.61e+03 1.30e+03 2.65e+03 0.969 1.00 0.173 512894.52857500245 5.381827877031208E10 525399.5043779819 603.1685563983708 7728089.558031982 8.891123039049862 33.0 12.84375 1.0 52.73066646159397 23.0 487061.8005375817 6.401788736785695E10 505895.0811176724 1467.1532846715336 2254406.2666904093 0.0 210057.574007176 8.632125709948874E10 9908.547319575759 193399.63086076788 8.878559953173009E10 0.0 0.8353319047192252 90.82305753892274 0.008691987806055183
14640.010496776558 1.46e+03 1.62e+03 1.33e+03 2.72e+03 0.969 1.00 0.173 508549.9443756051 5.303832718053358E10 516663.924694352 602.9334392389525 7728368.180784963 8.885986396218552 32.0 13.258064516129037 1.0 54.44444737034586 23.0 483063.93976865715 6.309271479636749E10 494549.50084110076 1467.1532846715336 2254406.2666904093 0.0 208713.18519142552 8.533337695239082E10 9919.590723753687 190932.36002452264 8.86616115051015E10 0.0 1.1223665677367445 123.96640430249774 0.008573186717942782
14700.010496776558 1.47e+03 1.65e+03 1.42e+03 2.72e+03 0.969 1.00 0.173 509842.9992754051 5.090075211082708E10 525399.5043779819 602.719606318678 7728623.685684102 8.880836133271231 32.0 13.258064516129037 1.0 54.60400946324693 23.0 484304.1729898607 6.116095090828781E10 507827.7143553185 1474.4525547445273 2254833.54103612 0.0 208447.89803723904 8.682178057888708E10 10031.000346276714 193003.72067839318 8.934237720120406E10 841.7974558883459 1.1283449117481021 125.69704869844165 0.008768752692485556
14760.010496776558 1.47e+03 1.67e+03 1.47e+03 2.72e+03 0.969 1.00 0.172 495580.22545356303 5.003765901406868E10 505895.0811176724 1346.8434218833804 1.9017899610731438E7 8.875673284151837 32.0 13.258064516129037 1.0 54.45607878032559 23.0 470999.885487614 5.964599575759546E10 490678.16383853904 1474.4525547445273 2254833.54103612 0.0 208788.37000606878 8.599191373135167E10 10514.993502914485 192543.31175845413 8.939946435564752E10 1654.5123017351918 1.1276443691966787 125.61649705111205 0.008573652845828157
14820.010496776558 1.47e+03 1.63e+03 1.53e+03 2.72e+03 0.970 1.00 0.171 488295.33014278644 4.749538125901385E10 496824.42048780684 1346.8432972461947 1.9017899960190672E7 8.870498817823941 32.0 13.258064516129037 1.0 55.66804453899646 23.0 464163.95823345875 5.692842702393087E10 482139.64881951804 1481.7518248175184 2255153.9967954303 0.0 209697.37192826148 8.673398944214175E10 9908.547319575759 196633.28542124783 9.018099414653716E10 4920.4274056086815 0.8473212499275132 93.81482942643784 0.008574585525708915
14880.010496776558 1.48e+03 1.58e+03 1.36e+03 2.70e+03 0.962 1.00 0.191 489352.30848623894 4.67424501483383E10 490359.0243631318 1729.3915806116158 3.6625669640218556E7 8.860740013001973 32.0 13.258064516129037 1.0 56.117714221646274 22.0 463929.40481409157 5.668824758052199E10 475989.0778222449 1489.051094890509 2255367.633968315 0.0 212368.61451709952 8.846498881758905E10 9844.918375367484 194764.47980355922 9.034570400031833E10 0.0 0.018297677077273283 5.906037196037872E-4 0.008575518771248208
14940.010496776558 1.48e+03 1.61e+03 1.43e+03 2.70e+03 0.962 1.00 0.192 494075.1528467428 4.5655549045251236E10 507766.4130243424 34044.84699884708 2.554063932013319E10 8.860118612342003 33.0 12.84375 1.0 55.87780988099636 23.0 467052.47523950826 5.630643058756085E10 493473.2194838796 1489.051094890509 2255367.633968315 0.0 210397.60487790187 8.707481758733232E10 9761.883043746066 195875.1436529799 9.028107863149487E10 756.0647844563752 0.01857456890581364 6.08259148053798E-4 0.008409281140082207
15000.010496776558 1.47e+03 1.62e+03 1.36e+03 2.69e+03 0.962 1.00 0.191 490404.576094444 4.696768552023978E10 516618.1813591071 1512.763492762066 1.7602257575959552E7 8.861061647384949 33.0 12.84375 1.0 57.187360082677415 22.0 465614.0631356079 5.7155510626185715E10 498133.35795454297 1481.7518248175184 2255153.9967954303 0.0 211582.72727839425 8.78765467244412E10 9844.918375367484 195744.83487240496 9.184565634267824E10 756.0647844563752 0.019587777193312395 6.456238653156222E-4 0.00844940380628295
15060.010496776558 1.48e+03 1.63e+03 1.47e+03 2.69e+03 0.962 1.00 0.191 504911.79050748824 4.61688349595458E10 537198.516655486 1285.2261254248092 1.28630951962341E7 8.865972247800418 33.0 12.84375 1.0 58.03842407711325 22.0 479207.0924793894 5.730563254247623E10 520370.6345292476 1489.051094890509 2255367.633968315 0.0 213779.49962103134 8.821040008858055E10 9908.547319575759 195934.72841486245 9.178873528032076E10 2772.237543006709 0.02050323848871932 6.789267665988247E-4 0.008768752692485556
15120.010496776558 1.49e+03 1.63e+03 1.42e+03 2.69e+03 0.962 1.00 0.191 517298.6641760285 4.778411983833479E10 546846.45377753 17449.854777285724 6.808809580051567E9 8.871931885446237 33.0 12.84375 1.0 58.03620081327438 21.0 490864.41126506554 5.9496181937068214E10 536260.6238984626 1496.3503649635027 2255474.452554741 0.0 213545.2719289518 8.848914886399515E10 11729.98643434792 193821.01679784473 9.221106222585548E10 1259.5587375038508 0.02063455000904736 6.697865489678568E-4 0.008768752692485556
15180.010496776558 1.48e+03 1.61e+03 1.36e+03 2.69e+03 0.962 1.00 0.191 523142.9975278701 4.767281271732299E10 556194.1613128439 565.9145493598472 3410715.56147995 8.84730910810728 32.0 13.258064516129037 1.0 59.12809131703554 21.0 495315.13923881715 5.933104407233982E10 539391.1574308374 1489.051094890509 2255367.6339683146 0.0 207722.94481984907 8.678875022071413E10 9852.798723193755 189154.43835416756 8.99021185651086E10 293.33965559273173 0.02158512142338084 7.842222100987294E-4 0.008768752692485556
15240.010496776558 1.48e+03 1.65e+03 1.25e+03 2.69e+03 0.969 1.00 0.171 527708.3353092592 4.913653567509199E10 556380.5535539116 520.3039207412897 2925199.365408599 8.84730910810728 32.0 13.258064516129037 1.0 59.30371980572293 21.0 501906.9980015257 6.081107354308777E10 544249.586468084 1489.051094890509 2255367.6339683146 0.0 209949.9451684711 8.769969120584782E10 9919.1351993129 189879.73658814226 9.156758623742975E10 0.0 0.021957443187672687 8.075742068917848E-4 0.008768752692485556
15300.010496776558 1.48e+03 1.63e+03 1.23e+03 2.68e+03 0.969 1.00 0.171 525798.6303842722 5.4517798655857506E10 551989.2827495491 15730.678315746165 5.551612644214577E9 8.854024560554627 33.0 12.84375 1.0 58.20326416686112 22.0 498949.04254230874 6.632445757175066E10 539573.9396644891 1489.051094890509 2255367.6339683146 0.0 209739.78108612882 8.74738663535058E10 9908.547319575759 194312.27176548808 9.144279122727852E10 0.0 0.02213355610593337 8.252555742411265E-4 0.008577075438075562
15360.010496776558 1.48e+03 1.65e+03 1.31e+03 2.65e+03 0.969 1.00 0.172 517517.19976072817 5.620632257332964E10 542269.1078023071 31984.829988137324 6.499530319449734E9 8.963938810597405 37.0 11.416666666666664 1.0 53.918125762254384 26.0 486332.490308716 6.944015913734064E10 519619.17286504596 1489.051094890509 2255367.6339683146 0.0 208962.91575253208 8.724125877595055E10 9844.918375367484 193392.81501340738 8.98193692245452E10 0.0 0.021701814440118726 8.226836916354113E-4 0.008409281140082207
15420.010496776558 1.47e+03 1.64e+03 1.44e+03 2.57e+03 0.961 1.00 0.194 520270.1303725282 5.758044685188831E10 541332.8285540254 43298.78398443329 1.5475234206693588E10 8.904372788981771 37.0 11.416666666666664 1.0 51.565423077318506 24.0 490774.0310325378 6.993027836342522E10 519222.4575686756 1481.7518248175184 2255153.9967954303 0.0 211554.58193376762 8.768814862608003E10 9852.798723193755 194393.13511743184 8.847659704065947E10 8.712855217678555 0.020735056872964935 8.384782604939677E-4 0.007152364401345809
15480.010496776558 1.47e+03 1.61e+03 1.42e+03 2.57e+03 0.958 1.00 0.200 521159.73722754384 5.8268572354892105E10 542759.6495497784 33060.917281967384 1.0567720548339113E10 8.860740013001973 36.0 11.742857142857147 1.0 51.44462634553716 22.0 493577.4121906871 6.988315936738326E10 525984.6408250337 1481.7518248175184 2255153.9967954303 0.0 209821.36213840422 8.722269543882634E10 9852.798723193755 193710.22480402078 8.863648982289563E10 682.579637514686 0.021208571562111745 9.336665721214802E-4 0.007671382440664087
15540.010496776558 1.47e+03 1.67e+03 1.30e+03 2.54e+03 0.959 1.00 0.199 513588.0476601984 5.1070326807520515E10 550661.7503196978 53864.66698837447 2.5755071723898808E10 8.904372788981771 36.0 11.742857142857147 1.0 48.64175334080001 22.0 487242.65706851496 6.2564332941856094E10 535128.7510848873 1481.7518248175184 2255153.9967954303 0.0 210121.88561132338 8.631045142613518E10 9919.590723753687 195354.41633487132 9.038948038781746E10 0.0 0.01804788339861753 7.405128525269475E-4 0.00686039517590729
15600.010496776558 1.47e+03 1.70e+03 1.51e+03 2.51e+03 0.959 1.00 0.198 504141.48420278437 4.6329291985069595E10 537038.4436882725 59369.36009331252 2.6606597482037228E10 8.963938810597405 37.0 11.416666666666664 1.0 47.51864295801621 23.0 477339.6225495578 5.81899537571724E10 524230.5106111356 1474.4525547445273 2254833.54103612 0.0 212023.15223655463 8.650681322679558E10 10211.873776899727 198006.99881842037 8.954437390255247E10 6576.257133509887 0.017351295763715954 6.969249674177663E-4 0.006463496235486113
15660.010496776558 1.47e+03 1.64e+03 1.45e+03 2.47e+03 0.959 1.00 0.198 512294.03871297656 4.543836891423943E10 538082.0798479652 60818.75413650167 1.8020862622932358E10 8.978581946486813 38.0 11.108108108108105 1.0 45.89346587707462 23.0 484274.92996597505 5.807601317627062E10 528206.0228548918 1474.4525547445273 2254833.54103612 0.0 209851.58030754683 8.520732619342123E10 11805.620478103674 196439.97856879482 8.893024600736414E10 1838.5122539477716 0.016849285628777095 7.003116859471127E-4 0.006109821365287491
15720.010496776558 1.47e+03 1.61e+03 1.44e+03 2.39e+03 0.957 1.00 0.202 487608.63728384586 4.926516438810928E10 516560.0273996869 57965.24971188228 2.0982811856344536E10 8.948005564961568 38.0 11.108108108108109 1.0 43.755497295123355 23.0 460574.0382867768 5.9982236249991585E10 490612.7802392375 1474.4525547445273 2254833.54103612 0.0 214502.3269483822 8.615172924330147E10 12531.406360621046 196137.82074032174 8.912260859670886E10 750.8376012661547 0.018903202310710084 9.505974806226595E-4 0.006285703759843947
15780.010496776558 1.47e+03 1.63e+03 1.51e+03 2.20e+03 0.958 1.00 0.201 474548.81868599606 4.890687402268819E10 489840.7771744599 37997.969386929064 9.329709239059599E9 8.904372788981771 38.0 11.108108108108107 1.0 42.4943027447888 25.0 448607.247037259 5.8903597054516136E10 475260.4532246003 1474.4525547445273 2254833.54103612 0.0 218831.46917872908 8.735794585469E10 13933.97851697012 204783.1875865807 9.077445378754271E10 6528.2730493355175 0.02190460064366217 0.0018378240787920918 0.006496152453649045
15840.010496776558 1.46e+03 1.59e+03 1.41e+03 2.18e+03 0.957 1.00 0.202 476395.2269233911 5.019164769306093E10 512923.4904641049 19995.191706563488 6.44529629562616E9 8.84730910810728 35.0 12.088235294117649 1.0 43.831887968145374 22.0 453354.43429944327 5.931030220592593E10 496081.4755044397 1467.1532846715336 2254406.2666904093 0.0 215507.55881671354 8.69884187116928E10 10026.042569741967 201001.4738546719 9.136025008975034E10 680.7817611817443 0.0251341460783983 0.00233839282760722 0.007752005742053297
15900.010496776558 1.47e+03 1.57e+03 1.41e+03 2.57e+03 0.952 1.00 0.214 495851.0607714744 4.544312535306464E10 536889.4876149112 4169.2034577076365 2.7989104277073616E8 8.84730910810728 34.0 12.454545454545453 1.0 44.58495465757683 22.0 470874.02898874745 5.5905598268122185E10 520767.9022980117 1474.4525547445273 2254833.54103612 0.0 207434.67832547438 8.478655589061786E10 9844.918375367484 191739.1964528385 8.839642094681686E10 680.7817611817443 0.021836728732631518 0.0017374813304489327 0.008085654847086935
15960.010496776558 1.49e+03 1.56e+03 1.43e+03 2.56e+03 0.960 1.00 0.195 524202.163703615 4.477405481340787E10 551374.7410145886 49573.01765255585 3.0706649411610806E10 8.947775789464668 37.0 11.416666666666664 1.0 42.252556980951724 27.0 491982.1226967315 5.846985559558072E10 535424.1796059816 1496.3503649635022 2255474.4525547363 0.0 208668.7186928203 8.4617275450437E10 9379.906293093049 197947.0426596502 8.909970945552502E10 680.7817611817443 0.02046445628314409 0.0014947599901167737 0.008150884540937188
16020.010496776558 1.50e+03 1.56e+03 1.47e+03 2.62e+03 0.961 1.00 0.195 510804.8923206005 4.612907838046106E10 532129.7587971617 23687.466052204043 9.410786481068913E9 8.854024560554627 34.0 12.454545454545453 1.0 44.21615295136136 23.0 485237.0395988201 5.7220439274299065E10 522154.1213107897 1510.948905109491 2255367.63396831 3000.0 205959.66362533774 8.44985620253081E10 8875.255682671886 193015.43764576013 8.76709585076522E10 2269.2725372724813 0.01966096992242295 0.0012485683550940163 0.008359549414535277
16080.010496776558 1.51e+03 1.56e+03 1.19e+03 2.70e+03 0.961 1.00 0.193 516093.2929233316 4.4927744704276695E10 536535.7855534313 4169.242726931556 2.79890701482292E8 8.84730910810728 33.0 12.84375 1.0 46.04983932233535 23.0 489575.4851531015 5.626556165727544E10 522587.45480709453 1518.2481751824816 2255153.9967954303 3000.0 202499.69497500098 8.312259294542676E10 9379.906293093049 192150.78120097576 8.877297900511487E10 0.0 0.017791225272867233 7.294895962636466E-4 0.00822483538409986
16140.010496776558 1.51e+03 1.62e+03 1.40e+03 2.69e+03 0.963 1.00 0.188 511797.27790122037 4.793051133352462E10 536712.6365841712 20780.897991468144 9.667971172873842E9 8.813808994951403 33.0 12.84375 1.0 48.217992475704506 23.0 485513.52280814515 5.905536113978E10 520118.05261589016 1518.2481751824816 2255153.9967954303 3000.0 210478.55142029625 8.615392411660089E10 10436.895257838432 192305.38279844975 8.874966437453238E10 0.0 0.01864874796840714 7.757573791000242E-4 0.008136597693973973
16200.010496776558 1.51e+03 1.68e+03 1.40e+03 2.66e+03 0.965 1.00 0.183 512673.9618038822 4.899874262142029E10 536721.1397437649 20780.88152753184 9.667971886600864E9 8.813808994951403 33.0 12.84375 1.0 50.21830367698165 23.0 486554.3068043203 6.028214077287587E10 520366.47361291293 1518.2481751824816 2255153.9967954303 3000.0 210893.5133046819 8.63938855090028E10 10799.066837485501 191443.0308967125 8.994854003963739E10 563.1662737344412 0.019001896913393802 7.771517620156315E-4 0.007464552233833053
16260.010496776558 1.51e+03 1.70e+03 1.38e+03 2.66e+03 0.966 1.00 0.181 513901.4340833907 4.91407244262265E10 537575.7506107797 754.233421388293 1.221324524748581E7 8.813808994951403 33.0 12.84375 1.0 53.01254226215504 23.0 489001.6133410359 6.0139561732816154E10 524043.5314161095 1518.2481751824816 2255153.9967954303 3000.0 205742.1703418468 8.44650881046977E10 10211.873776899727 190850.18302003667 9.027432704331136E10 563.1662737344412 0.019544041850471896 8.105721385018256E-4 0.007133009009728269
16320.010496776558 1.51e+03 1.75e+03 1.47e+03 2.66e+03 0.967 1.00 0.180 514541.62009467446 4.94005420537824E10 544945.1545048992 754.2333557022469 1.221324535018222E7 8.813808994951403 33.0 12.84375 1.0 53.526664669537944 23.0 489362.09815401444 6.019395783060319E10 536535.7855534313 1518.2481751824816 2255153.9967954303 3000.0 208779.9434290328 8.484902651279274E10 10526.788402945283 191365.17322964055 8.845496467166849E10 2259.0759226065297 0.019197637251949194 7.673010232801695E-4 0.0068958563786925865
16380.010496776558 1.51e+03 1.62e+03 1.38e+03 2.66e+03 0.967 1.00 0.180 506360.56981317245 4.6341573763188545E10 543661.1506745439 754.2332855151637 1.2213245459928164E7 8.813808994951403 33.0 12.84375 1.0 53.526664669537944 23.0 481511.1493557599 5.679718685837138E10 537212.5246718994 1518.2481751824816 2255153.9967954303 3000.0 207353.25284394907 8.487113770167538E10 9908.547319575759 190050.38407756822 8.8795019023768E10 618.8925101652221 0.01902656923964287 7.679523368739144E-4 0.006661458996609336
16440.01049677656 1.51e+03 1.68e+03 1.43e+03 2.65e+03 0.967 1.00 0.180 507183.00695589033 4.6172419836785934E10 549196.4966486836 32552.175536780513 2.3267168232453762E10 8.84730910810728 34.0 12.454545454545455 1.0 52.72161019750992 24.0 482884.89744743373 5.675655916202546E10 538142.9795505768 1518.2481751824816 2255153.9967954303 3000.0 208136.54535513237 8.409725301368483E10 10509.613248402937 189361.76155769668 8.699364349154391E10 1726.1493483242002 0.018340240174521537 7.456596288284574E-4 0.006801192260209569
16500.01049677656 1.52e+03 1.70e+03 1.43e+03 2.61e+03 0.967 1.00 0.178 494275.2408739652 4.6346475559486115E10 529260.0721797171 33286.322244380586 2.4362141962826073E10 8.813808994951403 33.0 12.84375 1.0 53.49049320115889 22.0 471838.4722993367 5.586317439885078E10 518136.94028387626 1525.5474452554727 2254833.5410361253 3000.0 204654.4945974769 8.251538067154916E10 11315.613953139205 184924.3300862291 8.520211076965674E10 625.6980010551289 0.01711141985959552 6.693060114451984E-4 0.006426459369879221
16560.01049677656 1.51e+03 1.67e+03 1.48e+03 2.55e+03 0.963 1.00 0.190 479211.77242412046 4.508442077376795E10 498824.3240561344 35220.64319741565 1.8094552042452316E10 8.84730910810728 34.0 12.454545454545455 1.0 52.34267553171295 21.0 456390.1424783735 5.440744114568869E10 477536.319467654 1518.2481751824816 2255153.9967954303 3000.0 203221.01130743267 8.142073951515404E10 10240.593703055596 188428.70685068733 8.473726060398462E10 1839.6559992717425 0.015132691121625822 5.39038145690692E-4 0.0062197607936815575
16620.01049677656 1.51e+03 1.69e+03 1.41e+03 2.58e+03 0.958 1.00 0.200 471141.4436515535 4.520079178933519E10 483267.79046441294 8.976960206002175 0.29593325567581336 8.780308881795525 33.0 12.84375 1.0 53.303821429914926 21.0 448908.75638924923 5.349428423968406E10 469590.1103180058 1518.2481751824816 2255153.9967954303 3000.0 203280.6291231232 8.062564363038135E10 10240.593703055596 187650.150291567 8.433482838376762E10 625.6980010551289 0.015157710457833496 4.974813310376324E-4 0.006311615736277377
16680.01049677656 1.50e+03 1.69e+03 1.44e+03 2.51e+03 0.960 1.00 0.196 479908.98526673776 4.5524476816285835E10 490866.51916951226 12799.740819467752 1.8375690976933482E9 8.84730910810728 33.0 12.84375 1.0 52.99184926674741 22.0 454575.54357348126 5.4974514172922066E10 473247.47974142514 1510.948905109491 2255367.6339683095 3000.0 200764.5776332143 7.970691149084473E10 10321.158797801714 189520.15975008992 8.31026504209203E10 1291.534934723176 0.016165574762793084 5.663951741758088E-4 0.007687973951026028
16740.01049677656 1.50e+03 1.70e+03 1.32e+03 2.63e+03 0.958 1.00 0.201 485438.8138863541 4.5974978417674324E10 515052.65006291936 59749.26379303171 3.1169101103265404E10 8.854024560554627 35.0 12.088235294117649 1.0 51.09964575994086 24.0 458347.1056484926 5.610740725676532E10 483427.19460797345 1510.948905109491 2255367.6339683095 3000.0 202489.4758355879 7.991055907773337E10 12911.726417726164 182610.09184287197 8.265013109959364E10 114.41866840397006 0.28634768539924405 30.108187990486044 0.007873789894527283
16800.01049677656 1.50e+03 1.67e+03 1.34e+03 2.65e+03 0.958 1.00 0.201 484254.89870987774 4.567682093888707E10 516676.55521018093 8.97688775694061 0.2967391291896531 8.790865321871282 33.0 12.84375 1.0 52.629017737979076 21.0 460675.91642678395 5.460313920080921E10 497779.3594959051 1510.948905109491 2255367.6339683095 3000.0 201640.5921322661 7.972604160598456E10 12878.363317933981 179877.92044022985 8.309932064020522E10 0.0 0.5571087167696452 60.02944074969045 0.008061776254832325
16860.01049677656 1.50e+03 1.74e+03 1.44e+03 2.65e+03 0.961 1.00 0.193 483531.0853356842 4.661047799913551E10 516663.924694352 575.9547313653321 7393756.62661646 8.84730910810728 34.0 12.454545454545453 1.0 52.548840917932544 23.0 457540.7562966101 5.6284747686149506E10 491608.25066260446 1510.948905109491 2255367.6339683095 3000.0 200159.56740624178 7.91613336974666E10 13577.073615235162 181129.45790224627 8.273464688278438E10 625.6980010551289 0.28579890544077785 30.07565388415038 0.007924698321325571
16920.01049677656 1.51e+03 1.73e+03 1.35e+03 2.65e+03 0.961 1.00 0.193 479922.13660631975 4.640497939582232E10 489918.97274265427 575.9550497082165 7393756.249513004 8.84730910810728 34.0 12.454545454545455 1.0 52.7186464338585 23.0 454344.18394926534 5.583154385648103E10 476600.7956544795 1518.2481751824816 2255153.9967954303 3000.0 200669.51207080533 7.993300211032799E10 10514.993502914485 181701.00828260885 8.291959894132259E10 0.0 0.015309351173378248 3.8598533759566614E-4 0.007847932245642017
16980.01049677656 1.51e+03 1.70e+03 1.16e+03 2.64e+03 0.961 1.00 0.193 487867.61551525886 4.62980517949427E10 503036.32566142315 13237.020868753594 3.854334201017124E9 8.854024560554627 35.0 12.08823529411765 1.0 51.60536009690113 23.0 460714.88908916886 5.6473627766296E10 489827.5124250314 1518.2481751824816 2255153.9967954303 3000.0 201782.55593924204 8.003762739515443E10 10577.073615235162 181982.06207418698 8.349766383889662E10 0.0 0.015157661193778772 3.871094140200231E-4 0.007681863952125377
17040.01049677656 1.50e+03 1.64e+03 1.24e+03 2.61e+03 0.961 1.00 0.194 493941.7699712462 4.46403982374127E10 515978.2431045056 36869.080078828505 1.6607298303781544E10 8.87820975325917 38.0 11.108108108108105 1.0 48.68023999289413 25.0 464200.69667778455 5.599017758126954E10 489694.16922112205 1503.6496350364976 2255474.452554751 3000.0 201114.2201565142 8.027818503007043E10 10240.593703055596 181138.97662139358 8.394712841610426E10 0.0 0.015096635089819765 3.988956941403641E-4 0.00734601197817487
17100.01049677656 1.49e+03 1.68e+03 1.32e+03 2.43e+03 0.963 1.00 0.190 499225.9697292623 4.676196306666525E10 521780.9904429993 38276.04332375447 1.6549926483015581E10 8.948005564961568 37.0 11.416666666666666 1.0 48.179648934260264 25.0 468095.7238776467 5.8649309923286766E10 498553.1451116657 1496.3503649635024 2255474.452554741 0.0 204440.81514137425 8.101471469526286E10 13577.073615235162 184286.31653034923 8.489861647411917E10 0.0 0.015630620007489094 4.855904841389572E-4 0.007082423787108135
17160.01049677656 1.49e+03 1.70e+03 1.36e+03 2.50e+03 0.961 1.00 0.194 492935.72964102676 4.5950485999183914E10 529659.1102645637 33925.33722554476 1.5931171846975662E10 8.921842529238969 37.0 11.416666666666666 1.0 48.374949243236514 25.0 464001.82076699595 5.699551816088304E10 490359.0243631318 1496.3503649635024 2255474.452554741 0.0 205017.08223372456 8.185644981107076E10 12878.363317933981 182781.25420206308 8.534547489272067E10 567.3181343181203 0.01558602421194194 4.6508496276504856E-4 0.007163346875735669
17220.01049677656 1.48e+03 1.69e+03 1.35e+03 2.47e+03 0.959 1.00 0.198 499655.1161597834 4.658823331100697E10 538142.9795505768 32223.631779665782 1.5219828760234522E10 8.948005564961568 39.0 10.815789473684205 1.0 47.05652452860531 25.0 470272.85256191366 5.821978246210179E10 505895.0811176724 1489.051094890509 2255367.633968315 0.0 205780.26009682612 8.270143711311687E10 12878.363317933981 188191.55624548183 8.6949467835409E10 567.3181343181203 0.013896465030025834 3.2542277708472693E-4 0.00699334254859207
17280.01049677656 1.49e+03 1.66e+03 1.31e+03 2.48e+03 0.961 1.00 0.195 514571.38476423686 4.7061533635949104E10 551543.3707047396 8419.727967821686 7.615912121462251E8 8.89567949351637 37.0 11.416666666666666 1.0 48.625316745204074 23.0 487055.764178905 5.8391031532104904E10 541218.0690138013 1496.3503649635022 2255474.4525547363 0.0 206753.97436978167 8.356789989301868E10 12377.603120574711 185865.94799645478 8.754138274016849E10 0.0 0.014868633923950833 3.8204707539641686E-4 0.007562530709224592
17340.01049677656 1.49e+03 1.62e+03 1.39e+03 2.51e+03 0.961 1.00 0.194 514141.24347461876 4.686639573828741E10 545854.4460278071 6106.229356815524 3.3659610847943753E8 8.89567949351637 36.0 11.742857142857147 1.0 48.255656698063355 23.0 487276.7949218776 5.8053167357785E10 536535.7855534313 1496.3503649635022 2255474.4525547363 0.0 205668.5507332446 8.378262844261275E10 12377.603120574711 190315.8738758125 8.757031980377292E10 938.5470015826934 0.2880323987869686 30.664257280976233 0.007871458272232035
17400.01049677656 1.49e+03 1.62e+03 1.27e+03 2.32e+03 0.937 1.00 0.212 522242.0743870911 4.541401916405108E10 550833.7401235796 9931.74581765368 7.922538802100878E8 8.948005564961568 37.0 11.416666666666666 1.0 45.60787839209983 24.0 492911.9010264289 5.778587848094158E10 536535.7855534313 1496.3503649635022 2255474.4525547363 0.0 207384.92457000457 8.511975597963368E10 12354.601222995969 187729.25956387704 8.856389545247827E10 0.0 0.013518584447879784 3.395150569112385E-4 0.006828839242823944
17460.01049677656 1.49e+03 1.64e+03 1.30e+03 2.47e+03 0.908 1.00 0.266 513995.3017756743 5.208733215152603E10 535457.3665082533 1406.3203624429073 2.09113955112421E7 8.87820975325917 36.0 11.742857142857147 1.0 46.864851282323386 24.0 487524.4550431648 6.289923438013199E10 516975.68237285584 1496.3503649635022 2255474.4525547363 0.0 207216.87764178406 8.537386837507411E10 11485.649962197906 188372.4139484038 8.907050365258266E10 0.0 0.013718602457383391 3.205025346007082E-4 0.00680190420142341
17520.01049677656 1.48e+03 1.62e+03 1.36e+03 2.52e+03 0.962 1.00 0.187 490470.4658135952 4.729392666107717E10 502980.5531836089 3609.8402782878793 1.1695375466271552E8 8.89567949351637 36.0 11.742857142857147 1.0 51.12231172690182 24.0 463501.91894779523 5.750185820665283E10 486831.87241547136 1489.051094890509 2255367.633968315 0.0 206995.49744702852 8.535292948266806E10 10488.728137647806 190647.79825527457 8.801096545664308E10 563.1662737344412 0.2903204679948255 30.76492530358408 0.007865905014003088
17580.01049677656 1.48e+03 1.61e+03 1.39e+03 2.51e+03 0.969 1.00 0.173 497450.6240988502 4.5936299165803444E10 515876.3344088504 15814.79474978452 3.265758248136765E9 8.921842529238969 37.0 11.416666666666666 1.0 50.09098863924666 25.0 468188.5398587709 5.680552063136403E10 484545.9774056313 1489.051094890509 2255367.633968315 0.0 204319.93665321838 8.440322294411896E10 9919.185234708539 188613.3080427059 8.685053074668596E10 8.712855217678555 0.01571267990092015 3.835059879570518E-4 0.006905771437717472
17640.01049677656 1.47e+03 1.57e+03 1.39e+03 2.52e+03 0.969 1.00 0.173 498679.57777961646 4.503734715392064E10 517792.7316436281 5289.886126998242 3.980257608636625E8 8.87820975325917 35.0 12.088235294117649 1.0 51.69571088653456 23.0 472964.80635903624 5.500974114370464E10 497147.65621353267 1481.7518248175184 2255153.9967954303 0.0 205321.67746013874 8.48395167919618E10 9588.806181393405 194127.38937196546 8.804172761770105E10 516.2357509232378 0.016075823986424948 3.976164462829356E-4 0.007140483545257915
17700.01049677656 1.47e+03 1.64e+03 1.30e+03 2.52e+03 0.969 1.00 0.173 496101.3590463665 4.620710908346803E10 511572.7185628816 22425.063395228906 6.379228576352944E9 8.89567949351637 36.0 11.742857142857147 1.0 51.28716320136745 24.0 469418.14375558594 5.638824493754478E10 488909.07901713805 1474.4525547445273 2254833.541036119 0.0 206055.39892401017 8.357675399710782E10 10240.593703055596 193126.09505152493 8.699030522536977E10 0.0 0.016150383307754652 3.997079749964306E-4 0.007048646128078772
17760.01049677656 1.46e+03 1.71e+03 1.33e+03 2.65e+03 0.969 1.00 0.175 491441.12112783967 4.763040899078672E10 511233.7595707673 38488.21393209997 1.4863068465103586E10 8.87820975325917 36.0 11.742857142857147 1.0 52.460821716077355 23.0 464544.59789030236 5.7556120459529495E10 481407.5482971895 1467.1532846715336 2254406.26669041 0.0 203234.48589857674 8.259544111875677E10 10213.77687410327 187582.6508349328 8.484080441221115E10 0.0 0.016895246810028148 4.057178213831007E-4 0.008114424346049897
17820.01049677656 1.45e+03 1.71e+03 1.36e+03 2.66e+03 0.969 1.00 0.175 491242.3223123784 4.7252927229564674E10 501709.3505121582 1107.6216750276947 2.4130546944708485E7 8.854024560554627 34.0 12.454545454545453 1.0 54.18492116648489 22.0 466557.4100191462 5.64307030475468E10 482139.64881951804 1459.854014598539 2253872.1737582423 0.0 204292.62298153262 8.266938401190321E10 10213.77687410327 189713.6378640654 8.591729398425029E10 516.2357509232378 0.017643796790042705 5.035055465820098E-4 0.008297543314574295
17880.01049677656 1.44e+03 1.70e+03 1.39e+03 2.64e+03 0.968 1.00 0.175 499114.50565917225 4.834022101088185E10 521414.5337983656 26097.755031606157 9.313066438301146E9 8.87820975325917 36.0 11.742857142857147 1.0 52.299669809520566 24.0 471301.7562199775 5.8730946001593414E10 489436.1104595603 1452.5547445255452 2253231.262239651 0.0 204455.04222175296 8.186474234016605E10 10213.77687410327 188620.92964357667 8.508692041341063E10 516.2357509232378 0.017530788399492115 5.073994093838217E-4 0.008114424346049897
17940.01049677656 1.44e+03 1.67e+03 1.35e+03 2.63e+03 0.968 1.00 0.175 506087.34442990716 4.9052469596759254E10 537016.2310792572 54836.963640014095 3.0900471430709763E10 8.89567949351637 37.0 11.416666666666664 1.0 51.40893474318026 24.0 478020.01709678146 5.9292547329377655E10 516572.43802386214 1452.5547445255452 2253231.262239651 0.0 203451.45903987618 8.156140991705104E10 10240.593703055596 186779.19675498136 8.412028751668759E10 0.0 0.01744586882552536 5.140408745000822E-4 0.007627284848484824
18000.01049677656 1.44e+03 1.65e+03 1.36e+03 2.47e+03 0.970 1.00 0.170 521388.0598123285 4.8242816092612625E10 560524.1623362729 50196.76390646136 1.6967321669013626E10 8.921842529238969 37.0 11.416666666666664 1.0 51.24304830901451 23.0 492567.8477563974 5.963159160315855E10 541864.5133772838 1452.5547445255452 2253231.262239651 0.0 202070.3165740936 8.142889397988242E10 10514.993502914485 185779.77585113826 8.42648091525552E10 563.1662737344412 0.017065137103864852 5.153137881601626E-4 0.007078107844918576
18060.01049677656 1.44e+03 1.66e+03 1.48e+03 2.60e+03 0.969 1.00 0.172 514440.9734621134 4.648166478643487E10 547796.3980417752 5356.499629231043 2.857439989263044E8 8.860740013001973 35.0 12.088235294117649 1.0 53.55788013041748 23.0 488553.7448980556 5.708769642184887E10 538142.9795505768 1452.5547445255452 2253231.262239651 0.0 201344.15792803475 8.131954239735236E10 10322.197898946002 185881.4640372168 8.447033094289723E10 3097.4145055394265 0.017026998795764664 5.253949225451964E-4 0.006725670557746693
18120.01049677656 1.44e+03 1.65e+03 1.39e+03 2.61e+03 0.969 1.00 0.173 505928.2726770697 4.589821081427804E10 536535.7855534313 22915.128780515995 7.860534903663233E9 8.860740013001973 36.0 11.742857142857147 1.0 52.974101806306045 25.0 478249.0855977177 5.680328005733995E10 517010.4220214297 1452.5547445255452 2253231.262239651 0.0 200927.17000398232 8.1218787655541E10 10322.197898946002 182298.42610506693 8.391851119558124E10 774.3536263848566 0.016611675969223114 5.079080474819674E-4 0.0073364093227024415
18180.01049677656 1.45e+03 1.64e+03 1.35e+03 2.61e+03 0.970 1.00 0.171 497858.3009558617 4.542662555142187E10 517375.20495007606 41591.365804448316 2.0487331141122234E10 8.87820975325917 35.0 12.088235294117649 1.0 54.587359868356906 23.0 471215.0430833828 5.60167016174668E10 497232.702120531 1459.8540145985387 2253872.1737582423 0.0 201299.88646143363 8.115413747057037E10 10240.593703055596 184457.68212849164 8.42603086211049E10 0.0 0.01698309382529394 5.280630400050685E-4 0.008114424346049897
18240.01049677656 1.45e+03 1.62e+03 1.35e+03 2.68e+03 0.969 1.00 0.172 496812.07947009633 4.695101627057612E10 508229.9235802852 45723.49891055089 1.0374843410514053E10 8.921842529238969 37.0 11.416666666666664 1.0 53.91494624472348 27.0 466353.5296988484 5.8503847251275696E10 482139.64881951804 1459.8540145985387 2253872.1737582423 0.0 200693.6222190295 8.128744569964302E10 9917.05129467224 184210.78701873618 8.362449930882639E10 0.0 0.01773438956895145 5.639169113333723E-4 0.00850835982688126
18300.01049677656 1.44e+03 1.62e+03 1.37e+03 2.69e+03 0.970 1.00 0.171 509656.1469092531 4.615777811658414E10 530834.501999706 12684.394109790705 1.6438217261293752E9 8.860740013001973 35.0 12.088235294117649 1.0 55.79636549858824 24.0 481687.4188324949 5.741666839890843E10 500911.82558858994 1452.5547445255452 2253231.262239651 0.0 201141.25661310408 8.121937341929675E10 10240.593703055596 182961.7432356713 8.340752226635257E10 0.0 0.01857787219743064 6.239867124551801E-4 0.008830308011208685
18360.01049677656 1.44e+03 1.67e+03 1.34e+03 2.69e+03 0.969 1.00 0.172 525038.9326135465 4.8122887947131805E10 550606.43449386 11521.725913138715 1.3220793131007845E9 8.860740013001973 34.0 12.454545454545453 1.0 55.75789793220492 23.0 496425.9619847794 5.975368652264592E10 536834.0350093954 1452.5547445255452 2253231.262239651 0.0 199443.97422077652 8.022170800411484E10 10322.197898946002 185156.18799473956 8.320086734470506E10 0.0 0.01787336177547398 5.566897682536521E-4 0.00877750394637807
18420.01049677656 1.44e+03 1.67e+03 1.47e+03 2.71e+03 0.969 1.00 0.172 513123.9241429892 4.828580548691684E10 541447.5880942496 6301.1760061505165 7.91778911786224E8 8.854024560554627 33.0 12.84375 1.0 57.1794624617909 23.0 486185.2166800544 5.9125135874508835E10 526569.7772720855 1452.5547445255452 2253231.262239651 0.0 201528.51163420727 8.127670471962471E10 10240.593703055596 183544.76407465333 8.378758100953513E10 1431.2622690318194 0.018274084716380416 5.594573765768655E-4 0.00877750394637807
18480.01049677656 1.44e+03 1.66e+03 1.44e+03 2.55e+03 0.971 1.00 0.169 515702.5110364813 4.844796104806268E10 541218.0690138013 27961.818865997688 5.731388973300131E9 8.87820975325917 35.0 12.088235294117649 1.0 54.458417635264574 25.0 486360.87252894934 6.0082192181191086E10 525399.5043779819 1452.5547445255452 2253231.262239651 0.0 201600.04585083254 8.136625724401721E10 9917.05129467224 178929.7254926969 8.43196329622982E10 942.3070222790878 0.017616678047773712 5.512858249642757E-4 0.008429421720100076
18540.01049677656 1.44e+03 1.58e+03 1.48e+03 2.70e+03 0.969 1.00 0.172 510252.1285061142 4.883121891595382E10 532113.2163871703 32445.02154228423 7.655958487128773E9 8.87820975325917 35.0 12.088235294117649 1.0 55.485388547310244 25.0 480989.5426305847 6.039206899423711E10 518540.1850374899 1445.2554744525546 2252483.5321345753 0.0 201368.7938952599 8.154509071575665E10 9844.918375367484 184473.08494446502 8.355178880288293E10 2446.97717927008 0.017993811003976668 5.645497493205666E-4 0.008752118073323486
18600.01049677656 1.43e+03 1.56e+03 1.41e+03 2.67e+03 0.970 1.00 0.171 490862.0664572185 4.604676825976016E10 508953.22508166067 24290.811192064604 6.071230061885889E9 8.860740013001973 33.0 12.84375 1.0 57.157456192408496 23.0 464545.8029664487 5.603958839753206E10 490359.0243631318 1437.9562043795638 2251628.983443117 0.0 201149.59980417692 8.196692972423363E10 8485.649962197906 183588.3645937362 8.426950403676173E10 884.9059812714287 0.01717510641009935 5.19765075851015E-4 0.00844682073730733
18660.01049677656 1.43e+03 1.56e+03 1.36e+03 2.67e+03 0.970 1.00 0.170 484765.51037030504 4.57159169613539E10 499777.6472432939 33685.63872057334 2.2682048729750267E10 8.854024560554627 32.0 13.258064516129037 1.0 58.95137416658773 22.0 460717.3355947682 5.4813753467095955E10 486011.79415867955 1437.9562043795638 2251628.983443117 0.0 201264.91934918275 8.200059310823553E10 6010.483653222707 183383.12438164113 8.453792321401778E10 8.712855217678555 0.017580451731694802 5.632380305505961E-4 0.008137675051281709
18720.01049677656 1.44e+03 1.64e+03 1.32e+03 2.71e+03 0.971 1.00 0.167 491985.15848098136 4.515619284811691E10 500410.17213991843 828.7892139197852 1.3434487662905432E7 8.854024560554627 31.0 13.700000000000006 1.0 63.08622998557688 23.0 466396.8480598107 5.515394849715689E10 482139.64881951804 1452.5547445255452 2253231.262239651 0.0 202383.29873427653 8.168077730363443E10 9844.918375367484 185422.86852936505 8.365104574024535E10 0.0 0.019705522612640584 6.74370652915746E-4 0.008779192603731351
18780.01049677656 1.44e+03 1.64e+03 1.21e+03 2.70e+03 0.971 1.00 0.168 503644.2148778119 4.737092961424706E10 516572.43802386214 755.7617061412416 1.2210888374046203E7 8.87820975325917 33.0 12.84375 1.0 60.915652617951714 25.0 474836.29464805964 5.8674218707423225E10 495684.78365714155 1452.5547445255452 2253231.262239651 0.0 202607.8941647211 8.189054794538243E10 10240.593703055596 183667.98413592664 8.426396802347388E10 0.0 0.019478522145233518 6.625140974177202E-4 0.008509934353729702
18840.01049677656 1.44e+03 1.61e+03 1.31e+03 2.70e+03 0.971 1.00 0.168 489111.394070435 4.4590002692770134E10 501361.04083933705 755.8887425085867 1.2210696419860644E7 8.87820975325917 33.0 12.84375 1.0 60.915652617951714 25.0 461303.8336760514 5.53174134000738E10 477536.319467654 1452.5547445255452 2253231.262239651 0.0 199944.34374697582 8.124482338542075E10 9917.05129467224 182377.0056781743 8.468917754843883E10 0.0 0.019091157287282813 6.153986936054014E-4 0.008641141586612918
18900.01049677656 1.44e+03 1.60e+03 1.20e+03 2.70e+03 0.971 1.00 0.168 498620.70182608376 4.365824284520976E10 525399.5043779819 756.0262085308581 1.2210489506205048E7 8.87820975325917 33.0 12.84375 1.0 60.915652617951714 25.0 470160.34567023517 5.4950432487654594E10 512314.12633278925 1452.5547445255452 2253231.262239651 0.0 201297.33459292602 8.234803898398688E10 8279.76340444356 181911.12293233856 8.503383393275871E10 0.0 0.019018138089546152 6.010744763703873E-4 0.00877244736406196
18960.01049677656 1.44e+03 1.60e+03 1.27e+03 2.70e+03 0.971 1.00 0.168 505236.3415478263 4.538435955855716E10 532674.6716644702 756.1746711404909 1.221026697439589E7 8.87820975325917 33.0 12.84375 1.0 60.915652617951714 25.0 476322.54314810096 5.6913050290160034E10 509770.145297693 1452.5547445255452 2253231.262239651 0.0 201465.22951327456 8.231408683133174E10 9844.918375367484 185996.7952102829 8.659523940785591E10 0.0 0.019168962063131737 6.044252397147137E-4 0.00877295284104362
19020.01049677656 1.44e+03 1.56e+03 1.37e+03 2.70e+03 0.971 1.00 0.168 514214.0550390569 4.650302108571037E10 542122.3294827306 7698.191827793725 1.0620427435109967E9 8.87820975325917 33.0 12.84375 1.0 60.74436619303512 25.0 484684.27919651853 5.844568407271042E10 521780.9904429993 1445.2554744525546 2252483.5321345753 0.0 199562.32595116686 8.19956182765992E10 8279.76340444356 182560.72138316339 8.403819765059612E10 0.0 0.019404337223330632 6.194090553770211E-4 0.00877345871602462
19080.01049677656 1.44e+03 1.59e+03 1.19e+03 2.70e+03 0.971 1.00 0.168 529466.1180173489 4.656459083765188E10 549948.7596248069 4358.770002667081 2.9235332304150575E8 8.87820975325917 33.0 12.84375 1.0 60.74436619303512 25.0 499081.83214289084 5.91793761632316E10 536535.7855534313 1452.5547445255452 2253231.262239651 0.0 199985.94825392633 8.1868042295908E10 9855.147214443168 178567.07406120672 8.520019112221165E10 0.0 0.01973015806144429 6.395487180545406E-4 0.008773964989021088
19140.01049677656 1.44e+03 1.61e+03 1.33e+03 2.69e+03 0.976 1.00 0.152 540373.1171077983 4.9356958280221016E10 569463.5097300173 14468.940526823524 2.5759808704166403E9 8.89567949351637 34.0 12.454545454545455 1.0 59.64744908056154 25.0 507712.87547107023 6.309931128515954E10 553259.3640227785 1452.5547445255452 2253231.262239651 0.0 201540.74286515496 8.222855790607877E10 9891.398774295267 180989.95727299596 8.49222694573395E10 136.93232382943916 0.020826062105115384 7.866413837122882E-4 0.008774471660048275
19200.01049677656 1.44e+03 1.56e+03 1.30e+03 2.68e+03 0.984 1.00 0.124 541067.0677541089 4.9147899069398415E10 572251.1199566144 9232.565777085678 8.01977248184071E8 8.921842529238969 33.0 12.84375 1.0 60.38164075546954 24.0 507746.652022222 6.283359102819853E10 555136.1764456175 1452.5547445255452 2253231.262239651 0.0 198698.73542179065 8.1418448281341E10 9322.197898946002 182129.474837687 8.534457632622102E10 0.0 0.29340617702392124 30.295907081283286 0.00885369405885236
19260.01049677656 1.45e+03 1.59e+03 1.24e+03 2.67e+03 0.984 1.00 0.125 518046.2758823726 4.96023863800653E10 542208.1393746417 20796.734659824033 4.093617875348596E9 8.948005564961568 34.0 12.454545454545453 1.0 59.1138154902742 25.0 485483.93860380526 6.193211834764037E10 525399.5043779819 1459.8540145985387 2253872.1737582423 0.0 201633.1561800057 8.202652025455876E10 9904.375429078338 182453.15685216364 8.456738323664056E10 0.0 0.02130536825737062 8.030920711553946E-4 0.008775486196257795
19320.01049677656 1.44e+03 1.62e+03 1.39e+03 2.64e+03 0.984 1.00 0.125 518157.51913595473 5.008112973753718E10 536947.7401303225 73356.13788766152 5.748974062640887E10 8.921842529238969 34.0 12.454545454545453 1.0 57.86357387699261 23.0 488597.44206476666 6.132692734140145E10 526569.7772720855 1452.5547445255452 2253231.262239651 0.0 200061.74278216992 8.116989442002948E10 10178.873545447157 183049.81076533385 8.418089993255661E10 841.2045682857132 0.020329894646702845 7.544851866077932E-4 0.008416135935094398
19380.01049677656 1.44e+03 1.59e+03 1.33e+03 2.70e+03 0.984 1.00 0.126 520519.740062705 4.437625932054823E10 546791.2363362933 10849.56813240235 1.854159112986494E9 8.89567949351637 33.0 12.84375 1.0 58.76366519180193 24.0 490015.4235923712 5.6561005974409096E10 536421.182706307 1452.5547445255452 2253231.262239651 0.0 202031.8546994757 8.225928547750404E10 10178.79522921696 182224.0507074054 8.52473679893039E10 0.0 0.2925389594278844 30.249987329722025 0.00885534701838531
19440.01049677656 1.44e+03 1.61e+03 1.44e+03 2.70e+03 0.984 1.00 0.124 525671.8004246545 4.573134398904982E10 545810.2316922704 12024.071381539668 2.1182452727013626E9 8.89567949351637 32.0 13.258064516129037 1.0 61.70519575202475 24.0 494896.3759043927 5.806756166680964E10 533443.076937362 1445.2554744525546 2252483.5321345753 0.0 202911.32869840486 8.225336422295094E10 11485.649962197906 182743.24541029593 8.478287294835931E10 841.1151732185145 0.02245968900944002 9.249713931239217E-4 0.008855898805315798
19500.01049677656 1.44e+03 1.69e+03 1.42e+03 2.74e+03 0.984 1.00 0.125 529458.2460412456 4.834430965798232E10 548384.0620954685 20259.190435672346 8.073403265980833E9 8.89567949351637 33.0 12.84375 1.0 61.104938491618796 25.0 499231.9997924844 6.032154630018443E10 537016.2310792572 1452.5547445255452 2253231.262239651 0.0 203694.72210864702 8.234562543000359E10 11514.993502914485 182172.82979646607 8.481762720784047E10 830.8875909807051 0.0223380477607996 8.69441803147716E-4 0.008782290937670932
19560.01049677656 1.44e+03 1.67e+03 1.34e+03 2.67e+03 0.984 1.00 0.125 519954.67554880714 4.890726408381037E10 545824.1773763989 16732.576067726885 4.0053637501315575E9 8.963938810597405 36.0 11.742857142857147 1.0 56.2653079077115 26.0 486179.2078558814 6.180449408238914E10 530554.0965684194 1452.5547445255452 2253231.262239651 0.0 203607.66900677985 8.28713378351005E10 10136.945451882393 183972.11234495428 8.5172771521143E10 8.712855217678555 0.020924656194085848 7.647000787886621E-4 0.008280317726980697
19620.01049677656 1.44e+03 1.64e+03 1.31e+03 2.73e+03 0.984 1.00 0.125 508338.90880822757 4.9360450075444695E10 540883.6287324596 905.7552243941534 9367199.410450086 8.921842529238969 34.0 12.454545454545455 1.0 57.5283033107894 25.0 479205.6752392748 6.061686858384821E10 519315.1399145607 1445.2554744525546 2252483.5321345753 0.0 204048.35782903855 8.328231033830643E10 8757.849559987262 184749.02660427726 8.569587425871931E10 0.0 0.020039738673991322 6.860343097960294E-4 0.008685114035235187
19680.01049677656 1.44e+03 1.68e+03 1.39e+03 2.68e+03 0.984 1.00 0.124 499637.970801038 4.524903706213585E10 527064.4144748453 5868.647783414369 5.754333489385039E8 8.948005564961568 34.0 12.454545454545455 1.0 56.07310569085844 25.0 469777.9892819203 5.666278700051291E10 499298.55332577083 1445.2554744525546 2252483.5321345753 0.0 205451.38648520017 8.343461546929504E10 8857.097243536398 186512.22693910403 8.594035088176088E10 387.8771003079146 0.018568270153992955 6.151986878033343E-4 0.008433653152780884
19740.01049677656 1.44e+03 1.72e+03 1.33e+03 2.67e+03 0.984 1.00 0.125 501074.1462052276 4.744346755918656E10 530286.1280361105 17288.439176363285 3.7822843725507812E9 8.979872056233244 36.0 11.742857142857147 1.0 54.281045796604836 27.0 469022.4317182442 5.920892092662703E10 490359.0243631318 1445.2554744525546 2252483.5321345753 0.0 205980.43989770007 8.368139625870273E10 9603.971020295254 188256.63981304903 8.62821878270705E10 0.0 0.018607006232363315 6.284996285401883E-4 0.008329560181431156
19800.01049677656 1.45e+03 1.71e+03 1.13e+03 2.64e+03 0.984 1.00 0.125 504803.892976354 4.920394059544639E10 533443.076937362 20458.763668067157 3.215228392298254E9 9.037326107815513 38.0 11.108108108108105 1.0 52.43820902515425 26.0 470663.6404754162 6.1775179485369446E10 516572.43802386214 1459.8540145985387 2253872.1737582423 0.0 205429.80076680207 8.336902362919794E10 9855.093301594952 184664.2372836842 8.731652603164384E10 0.0 0.018441873014296173 6.41971113844799E-4 0.008115121698095529
19860.01049677656 1.44e+03 1.70e+03 1.19e+03 2.64e+03 0.984 1.00 0.125 510038.17605586397 4.672691091190293E10 552234.4270716229 27908.84796723516 6.922994988251599E9 9.037326107815513 37.0 11.416666666666664 1.0 53.32400960167938 27.0 477554.6207932124 5.9103711553122856E10 533443.076937362 1452.5547445255454 2253231.262239651 0.0 203360.57528381667 8.300938020383908E10 8636.245127185864 186687.03148131218 8.745583778247826E10 0.0 0.018686749248913313 6.645535401741273E-4 0.008115078118156331
19920.01049677656 1.44e+03 1.64e+03 1.37e+03 2.68e+03 0.984 1.00 0.127 511426.1225385611 4.7087595451144295E10 556757.4480486445 7098.190064359472 7.971552185007409E8 8.979872056233244 38.0 11.108108108108105 1.0 51.78147662360861 27.0 479637.2121701378 5.9345663735023155E10 541218.0690138013 1452.5547445255454 2253231.262239651 0.0 206212.76620015255 8.420592377848299E10 8636.245127185864 189716.16742406468 8.711827176108003E10 769.9787348681117 0.01897316013261861 7.454450190555792E-4 0.008115034858407052
19980.01049677656 1.44e+03 1.66e+03 1.36e+03 2.72e+03 0.984 1.00 0.126 511822.16880199336 4.462535950281925E10 551734.4786634081 1579.5437425925525 1.9380330353691973E7 8.948005564961568 35.0 12.088235294117652 1.0 54.564594829547225 26.0 480671.43653713027 5.6554711931953156E10 537170.4785804889 1452.5547445255454 2253231.262239651 0.0 207486.1770176707 8.3921168081318E10 9844.918375367484 186066.04925177718 8.703202310220766E10 0.0 0.019072595944469115 6.472806474173835E-4 0.00844940380628295
20040.01049677656 1.44e+03 1.64e+03 1.37e+03 2.72e+03 0.984 1.00 0.126 503420.59642480925 4.329249118469328E10 528294.2224807782 1579.5493245119005 1.938031164301298E7 8.948005564961568 35.0 12.088235294117652 1.0 54.88907141160072 26.0 472853.1395711111 5.481948796331544E10 507395.7317216293 1452.5547445255454 2253231.262239651 0.0 207611.73420326997 8.410553939522015E10 9891.378490890083 186496.71104599087 8.737556162044122E10 0.0 0.019418816259955785 6.731829284805602E-4 0.00844940380628295
20100.01049677656 1.45e+03 1.61e+03 1.39e+03 2.71e+03 0.984 1.00 0.126 500778.8263086528 4.584831087046323E10 516663.924694352 29831.941271583677 1.9175276069077457E10 8.963938810597405 36.0 11.742857142857147 1.0 53.60275610623839 27.0 470062.4491391513 5.6958434399781334E10 482139.64881951804 1459.854014598539 2253872.1737582423 0.0 205554.29971447785 8.306434436404344E10 8857.097243536398 189567.34098062007 8.800270910489423E10 831.12969961257 0.5866418289953782 65.98581957338628 0.008194131161882213
20160.01049677656 1.44e+03 1.63e+03 1.44e+03 2.55e+03 0.984 1.00 0.125 496488.5168400211 4.532236689148876E10 516663.924694352 51195.245759058904 2.6081305643863537E10 9.037326107815513 37.0 11.416666666666664 1.0 51.30434400989558 27.0 462781.01957584044 5.758559341866845E10 478561.7522727598 1452.5547445255454 2253231.2622396504 0.0 208635.3210518353 8.405146763913594E10 9869.99443106956 192567.83912441513 8.692772274287976E10 1662.4405323682822 0.020647078508589985 8.78661103885322E-4 0.008114865020160678
20220.01049677656 1.44e+03 1.67e+03 1.27e+03 2.67e+03 0.983 1.00 0.129 493809.82283134083 4.654796660901198E10 503157.8643382552 1579.2216879425582 1.9381382354774598E7 8.948005564961568 36.0 11.742857142857147 1.0 52.0239440671555 26.0 464040.63987266796 5.733394689524514E10 478561.7522727598 1452.5547445255454 2253231.2622396504 0.0 208576.28139269832 8.404353485226073E10 9869.99443106956 190449.82365293504 8.697993499499022E10 0.0 0.019816122886088503 7.653485987721402E-4 0.008320122763414213
20280.01049677656 1.44e+03 1.64e+03 1.40e+03 2.72e+03 0.983 1.00 0.129 483052.4353082672 4.2564048865928986E10 498900.70879470214 1579.2214527126273 1.9381382697815496E7 8.948005564961568 35.0 12.088235294117652 1.0 52.36085031086 26.0 454202.28444205684 5.3054159668347916E10 474057.5129838246 1452.5547445255454 2253231.2622396504 0.0 208630.95599782598 8.38769253263908E10 9908.547319575759 189888.10707161625 8.729156677419452E10 343.32900194299054 0.02013380420093147 7.691018612626088E-4 0.008413496028716102
20340.01049677656 1.45e+03 1.60e+03 1.26e+03 2.72e+03 0.983 1.00 0.127 498548.04599287844 4.021730500923013E10 525656.022187269 1579.2337113478115 1.9381342097959653E7 8.948005564961568 35.0 12.088235294117652 1.0 53.36232222415997 26.0 468761.8277286091 5.174103159439025E10 502710.03390263807 1459.8540145985392 2253872.173758242 0.0 207521.05018997868 8.394940913515536E10 9869.99443106956 186519.67813261735 8.808585215613E10 0.0 0.019286225140787573 6.574707947454438E-4 0.008413496028716102
20400.01049677656 1.45e+03 1.65e+03 1.43e+03 2.72e+03 0.983 1.00 0.128 499955.67335692287 4.166512428218034E10 536776.0083163442 18609.080798408086 7.098163557433761E9 8.948005564961568 35.0 12.088235294117652 1.0 52.710396678488024 25.0 470203.0627833985 5.318557701911155E10 519696.0839420834 1459.8540145985392 2253872.173758242 0.0 207115.89149915698 8.283811862531163E10 9855.093301594952 190814.04143847385 8.787991860791444E10 923.6367113191063 0.577239169912808 63.91195735877255 0.008208143021561818
20460.01049677656 1.45e+03 1.61e+03 1.40e+03 2.72e+03 0.983 1.00 0.129 493316.50532289164 4.197753638582939E10 520012.0505580061 1057.8850636245566 1.3754279579625351E7 8.921842529238969 34.0 12.454545454545455 1.0 52.684254591084255 25.0 465371.17728882097 5.271219592003369E10 505525.62766956195 1459.8540145985392 2253872.173758242 0.0 206856.69943419562 8.306335356098721E10 8636.245127185864 186913.30714530437 8.712747124798424E10 923.6367113191063 0.020617271269974122 8.455162808225013E-4 0.008225345351985547
20520.01049677656 1.45e+03 1.61e+03 1.39e+03 2.72e+03 0.983 1.00 0.128 500358.6638856638 4.3853846057388214E10 515589.03395603097 1057.8993260671205 1.375424807292541E7 8.921842529238969 34.0 12.454545454545455 1.0 52.547651534756355 25.0 472036.7978474096 5.485642648327274E10 495754.2490856111 1459.8540145985392 2253872.173758242 0.0 207069.76396318598 8.272234871147296E10 9223.156854261151 192918.65702193254 8.851971060237158E10 0.0 0.02082106752084385 8.676770378513104E-4 0.008139461337327474
20580.01049677656 1.45e+03 1.73e+03 1.45e+03 2.72e+03 0.984 1.00 0.127 495966.3440677691 4.486710966895945E10 514425.97536103823 4146.261560550211 2.325008572812866E8 8.948005564961568 35.0 12.088235294117652 1.0 52.47589209662752 26.0 466810.69040783553 5.601363944294977E10 477760.1041255713 1459.8540145985392 2253872.173758242 0.0 207931.2414512734 8.234635091877931E10 10159.774986736467 194785.46064911506 8.738341822964064E10 923.6367113191063 0.020455800515644208 8.040738252570967E-4 0.008114775161809319
20640.01049677656 1.46e+03 1.81e+03 1.25e+03 2.70e+03 0.984 1.00 0.127 501968.8708899312 4.3655536654096794E10 535277.1435333379 6734.1854527552605 7.541883805593214E8 8.948005564961568 35.0 12.08823529411765 1.0 52.421582212290446 25.0 472432.6272859244 5.5218443270591545E10 515006.08938112546 1467.1532846715334 2254406.2666904097 0.0 208737.16114107656 8.208654986247777E10 11729.98643434792 187141.00475687065 8.601739438550882E10 0.0 0.01969149976400003 7.41199065719053E-4 0.007903504783778497
20700.01049677656 1.46e+03 1.81e+03 1.48e+03 2.67e+03 0.984 1.00 0.127 509407.1721140794 4.175405408661203E10 542122.3294827306 27216.864670152263 4.850779304743629E9 9.037326107815513 38.0 11.108108108108105 1.0 49.95041084459213 27.0 477218.1021092933 5.43135139171348E10 522283.07184438914 1467.1532846715334 2254406.2666904097 0.0 207749.9853646347 8.212532968456668E10 10240.593703055596 191152.24757301473 8.52895683773524E10 4156.3652009359785 0.01951739804141668 7.65132487761734E-4 0.006606454332952386
20760.01049677656 1.46e+03 1.75e+03 1.55e+03 2.70e+03 0.983 1.00 0.127 506493.29315419786 4.3017653876794754E10 524677.450308325 48185.06740406738 3.662729680089208E10 8.963938810597405 38.0 11.108108108108105 1.0 50.11142239704095 26.0 476065.1947306308 5.4806896473791466E10 512669.7700220391 1467.1532846715334 2254406.2666904097 0.0 206182.1150824017 8.068630889877875E10 10159.916937843218 191887.80075950184 8.543895740795598E10 6425.86754700546 0.01934882063134964 7.418076179829211E-4 0.007560048896409528
20820.01049677656 1.46e+03 1.68e+03 1.48e+03 2.60e+03 0.984 1.00 0.127 500652.8887724537 4.356643244410795E10 516413.22743928473 31003.44631517958 6.561232502597889E9 9.037326107815513 39.0 10.815789473684205 1.0 48.186493152468096 26.0 469490.18762471806 5.592816388053986E10 488059.5007271047 1467.1532846715334 2254406.2666904097 0.0 208546.69259673348 8.126622627400562E10 11485.649962197906 193068.784479238 8.508743262532063E10 2521.887382531804 0.018845871906025064 7.839124179549288E-4 0.006161889536127329
20880.01049677656 1.46e+03 1.79e+03 1.46e+03 2.64e+03 0.964 1.00 0.187 489788.6169396798 4.5069677906054726E10 503152.6266287954 1029.770976119054 1.3389775714097578E7 8.89567949351637 37.0 11.416666666666664 1.0 49.886370884240456 25.0 462949.8458187359 5.548634990637372E10 477760.1041255713 1467.1532846715334 2254406.2666904097 0.0 208303.2780419407 8.070239053434084E10 13654.648282054075 194400.35022176852 8.48572037498742E10 2521.887382531804 0.018027838633336315 6.628848046623481E-4 0.0062230851749475935
20940.01049677656 1.46e+03 1.79e+03 1.38e+03 2.67e+03 0.964 1.00 0.186 492371.40668330237 4.42979663074581E10 495073.5608471463 1031.6586874512354 1.3413554104828455E7 8.89567949351637 36.0 11.742857142857147 1.0 51.22117143683213 25.0 465269.8671071487 5.486207331363741E10 475978.60512836033 1467.1532846715334 2254406.2666904097 0.0 208123.7689294017 8.048983675551837E10 15558.821137681442 191789.8059091468 8.505794135649649E10 842.3975444891198 0.017690522169875333 5.729251818172535E-4 0.006663757038252419
21000.01049677656 1.46e+03 1.81e+03 1.28e+03 2.65e+03 0.964 1.00 0.186 501948.81331784854 4.496432980201684E10 507863.21196659165 37398.632027048756 2.005416979213476E10 8.921842529238969 37.0 11.416666666666664 1.0 50.514142291328334 25.0 473708.5149944159 5.595442870222503E10 477760.1041255713 1467.1532846715334 2254406.2666904097 0.0 205837.04872751617 8.00733343397982E10 15558.821137681442 187954.42370588667 8.457998023581573E10 0.0 0.01783587151131663 5.722319471083767E-4 0.006596048891967922
21060.01049677656 1.46e+03 1.79e+03 1.41e+03 2.66e+03 0.964 1.00 0.186 510692.01097287814 4.4071749302833664E10 530554.0965684194 977.5982306134725 1.2722400651471324E7 8.921842529238969 37.0 11.416666666666664 1.0 50.53845777510141 26.0 481328.1197848545 5.612691911821043E10 515880.6955254854 1467.1532846715334 2254406.2666904097 0.0 209517.130317377 8.09714386100272E10 22336.79624382684 189231.42240587575 8.51679274212762E10 1152.1767194377317 0.0179980200816529 5.791261186123113E-4 0.00653864552564418
21120.01049677656 1.45e+03 1.71e+03 1.38e+03 2.65e+03 0.964 1.00 0.186 512163.26867235237 4.4590259269766754E10 537062.0809272173 7573.059063797306 1.1039992646988628E9 8.948005564961568 38.0 11.108108108108105 1.0 49.698414787922914 27.0 481669.9393439615 5.724854070890105E10 521780.9904429993 1459.8540145985392 2253872.173758242 0.0 208890.90986919124 8.198258736787093E10 11514.993502914485 191051.05770948893 8.614156900694057E10 8.712855217678555 0.018015229562106376 5.816126803156278E-4 0.006408865288579175
21180.01049677656 1.45e+03 1.70e+03 1.30e+03 2.65e+03 0.964 1.00 0.186 510852.6422599736 4.735581742615358E10 531998.5867528906 10050.402797880713 2.083708320448685E9 8.948005564961568 38.0 11.108108108108105 1.0 49.698414787922914 27.0 480740.559936696 5.980079427648784E10 500410.17213991843 1459.8540145985392 2253872.173758242 0.0 209473.73824458895 8.328815308002036E10 11514.993502914485 192624.98795358793 8.666769788708418E10 0.0 0.018307856580744013 5.942022215617344E-4 0.0062234048254149734
21240.01049677656 1.45e+03 1.64e+03 1.33e+03 2.66e+03 0.964 1.00 0.186 511063.40700380434 4.8089273526155495E10 536606.1639745338 922.1168590832134 1.2122867596117307E7 8.921842529238969 37.0 11.416666666666664 1.0 50.53845777510141 26.0 482301.9862863934 6.020520475970117E10 515759.45312142407 1459.8540145985392 2253872.173758242 0.0 209395.0231879426 8.354338723254068E10 10577.073615235162 191153.70552369137 8.606701796313855E10 0.0 0.01856349261600848 6.037044435670456E-4 0.006223219705294901
21300.01049677656 1.45e+03 1.72e+03 1.40e+03 2.65e+03 0.964 1.00 0.186 510421.32647917804 4.7014374646638176E10 530461.8166167056 14227.98190400648 4.437788022140494E9 8.948005564961568 38.0 11.108108108108105 1.0 49.698414787922914 27.0 480454.0842794 5.960314577111155E10 514137.77408641035 1459.8540145985392 2253872.173758242 0.0 209642.10923005483 8.326224275722676E10 13817.992203497382 189176.64072030014 8.53820357963283E10 0.0 0.01860191491111202 6.129156785270303E-4 0.005754913825550104
21360.01049677656 1.44e+03 1.75e+03 1.36e+03 2.62e+03 0.964 1.00 0.186 519415.0624291773 4.691608230579661E10 531301.0153229018 39297.20203366256 1.4929244761712801E10 8.979872056233244 40.0 10.538461538461533 1.0 47.50559310774068 28.0 486075.74492220493 6.0827257590362206E10 517340.8945469292 1452.5547445255454 2253231.2622396504 0.0 209391.06462563667 8.150465513901573E10 13379.649423442566 186661.60254877651 8.555464185339818E10 0.0 0.018332047567808585 6.222076388026069E-4 0.005338463158198949
21420.01049677656 1.44e+03 1.73e+03 1.43e+03 2.58e+03 0.965 1.00 0.184 510702.2266443028 4.6573266544123505E10 520533.7747744193 27803.784974697912 8.332689106783273E9 8.97643571806191 39.0 10.815789473684205 1.0 47.31827557523558 27.0 479669.8603073021 5.943778207176244E10 501029.1426220082 1452.5547445255454 2253231.2622396504 0.0 209628.51809204943 8.132883388447981E10 12878.363317933981 187093.50096109218 8.553726219114436E10 1151.5080218459445 0.01858842802200632 6.39723003257767E-4 0.00545166383618528
21480.01049677656 1.44e+03 1.63e+03 1.35e+03 2.60e+03 0.964 1.00 0.187 518642.6063571614 4.7925881093436676E10 528778.8253688556 60192.26726787969 2.584335505905726E10 8.979872056233244 42.0 10.02439024390244 1.0 44.67800790370922 29.0 482617.02509992983 6.225962435724741E10 512174.3892095341 1452.5547445255454 2253231.2622396504 0.0 209895.55609608119 8.191749647798297E10 11514.993502914485 186296.85339853723 8.60715994570356E10 1011.3409025465503 0.01822219939303826 6.463855207506205E-4 0.005145596300164993
21540.01049677656 1.44e+03 1.72e+03 1.38e+03 2.61e+03 0.964 1.00 0.186 511436.60969864135 4.854616036834812E10 529759.6475342379 7460.896115196786 1.249543864378704E9 8.921842529238969 38.0 11.108108108108105 1.0 46.973860215480975 25.0 484307.60616726836 6.017097012046924E10 516928.6736661958 1452.5547445255454 2253231.2622396504 0.0 209226.71767030092 8.137758521273445E10 13817.992203497382 188409.20066052512 8.5046345086037E10 1298.6345698229 0.018770254647020757 6.807274297371159E-4 0.005193264121236886
21600.01049677656 1.44e+03 1.67e+03 1.50e+03 2.64e+03 0.964 1.00 0.186 484588.47054389084 4.8685848524704926E10 510569.46120841126 14261.579967470112 2.3458315288784003E9 8.921842529238969 38.0 11.108108108108107 1.0 48.765187824343975 25.0 455634.2757830816 5.940325379672801E10 483631.97900222096 1452.5547445255454 2253231.2622396504 0.0 209704.57080681738 8.169308105768958E10 12531.406360621046 195500.74707242518 8.574099522025392E10 3388.347169825467 0.3017880035607036 32.640521211101166 0.00596089822672166
#####################################################################
# End of data export. Simulation finished at: 2025-07-01T17:52+0000 #
#####################################################################
